0.9999999999993509 0.0010102440013152218 8.069829967597323e-15 -1.37323354716644e-15 -1.6030802503678682e-12 0.9352101369223818 5.167799409400322e-15 -4.832767808641198e-15 -1.3263461000091013e-14 -5.222221797236563e-15 0.9353764563789554 0.004177544686187798 1.7411417201366082e-15 -3.694584908256546e-15 0.0022958373629601674 0.9998299581267747
1.0000000000066835 0.010245742782615627 3.051155712461432e-14 -3.2577286966459496e-15 1.0375674210877953e-12 0.812365089989153 -1.0050236066815762e-14 -7.322706939971685e-15 -1.4016149209092444e-14 6.99303470863933e-15 0.8144175291083791 0.02251422554448748 9.65750391548276e-16 2.0039015276915235e-14 0.015013401570384874 0.9977979015104301
1.0000000001661131 0.030662595997961083 4.655339596910757e-14 -4.7868581667889505e-15 -1.4729166009250254e-10 0.7023631392556426 -7.7168861236054e-15 -3.38877686386405e-17 -1.4408680727544268e-14 9.317834266293267e-15 0.7101484843361145 0.04890362777464603 -2.236542587978332e-16 1.0992698766290515e-14 0.04036948484674695 0.9912132505434629
1.0000000005760354 0.05831699863433076 4.4020643015742246e-14 -3.430164174335009e-15 -6.135623408568915e-10 0.6167204252720588 -7.897897551585116e-15 2.0785246208583497e-15 -1.4856709126291117e-14 1.0679546984938535e-14 0.6352243296189986 0.07602017971868784 -2.5888026881482824e-15 -2.1983023976667725e-15 0.07597734922901236 0.9781238910360015
1.000000001337711 0.08920501378352269 3.3212081982128977e-14 -1.471262045330192e-17 -9.032283952642569e-10 0.5502937080811217 -3.2999866407066537e-15 7.367747945179815e-15 -1.53811606824392e-14 5.350338439028735e-15 0.5846285172781963 0.10027158768325072 -5.8246722549176915e-15 -3.3190676965174246e-15 0.11820676988573312 0.9576551257163052
1.0000000026179667 0.12091716250299109 2.5842019182065364e-14 7.54177879639925e-15 -1.5165881008100438e-9 0.4974260177541871 -7.84976919896934e-15 3.567259429587691e-15 -1.76033166963118e-14 5.586729396954044e-15 0.5521815903805717 0.12001190113519973 -1.165025626967733e-14 -9.14661865822891e-17 0.16361591165112338 0.929764255889988
1.0000000034553145 0.15221025709138875 2.6483168562502897e-14 1.4053257821390436e-14 -2.3216266197349835e-9 0.45413451379638775 -1.6254177700304913e-14 -5.103273481927341e-17 -1.879617491140939e-14 7.051586748937675e-15 0.5330391026012572 0.13443591270971383 -1.717586891861531e-14 1.1164725321924254e-14 0.20938375760020453 0.894937000862328
1.000000003642546 0.18249054934263806 -3.1316980563741397e-12 -8.282538441763675e-12 -3.2109623928962417e-9 0.41778805886165293 4.514606584426001e-13 -8.463506797237815e-12 5.106845845335277e-12 7.723342555088887e-12 0.5235578285650795 0.14315686300826433 -2.540382813034614e-12 1.4023455879241958e-11 0.2533311515663129 0.8539746819216651
1.0000000036525238 0.211499762626006 8.481817894705332e-11 -8.940643790247276e-11 -3.876680080965596e-9 0.38663479818290014 -1.7886605859127233e-11 4.037106995932957e-12 1.3139048843114178e-11 6.617970630848785e-11 0.5209285792981724 0.1460484697630328 9.700253877522437e-12 1.828488408905145e-10 0.29383157136040616 0.807862220344812
1.0000000035458332 0.23914905444218917 -6.665373501502888e-11 -1.55873808874229e-11 -3.8958337764261406e-9 0.3594777764505515 -1.909973139671036e-10 1.875339469545349e-10 -2.859211764057458e-11 1.2738639504206576e-10 0.5229125493224179 0.14317862936707687 -4.278194229834915e-11 5.142889256418847e-10 0.3297156030561278 0.7576840351656589
1.0000000034609335 0.2654341326245785 7.705814646940317e-11 -2.910090008743418e-10 -3.1899461532568807e-9 0.3354750574397734 -1.8307767267976747e-10 1.0856180698660064e-10 -3.1666402577635986e-11 1.0772578487507256e-10 0.527679569052337 0.13477457026074588 -2.087471731007273e-11 6.318463457479055e-10 0.36019257239649877 0.7045659244867218
1.0000000029715996 0.2903919188014716 1.6555733885484026e-10 -4.718360409566707e-10 -2.0339972487849513e-9 0.31401779365718524 -1.4174982218386583e-10 -7.121632206049355e-11 -3.91714750449268e-11 6.50764110336701e-11 0.5337121789947638 0.12119849177632334 -6.744355808086192e-12 6.892722997668959e-10 0.38478909292878616 0.649631528572695
1.0000000024112294 0.31407827143412825 1.8574309472089655e-10 -6.119342952339444e-10 -7.294754762222537e-10 0.2946545286159033 -8.613938001746975e-11 -2.4455609948685394e-10 -4.793910065829818e-11 2.477061353609426e-10 0.5397485227417012 0.10292631777043565 -1.9396750247264306e-11 7.56459194479304e-10 0.40329971105544904 0.5939679248769333
1.0000000016982564 0.336556457522457 2.4555786560523526e-10 -9.669909512051925e-10 7.175647531301205e-10 0.2770429715302542 -5.598977106124061e-11 -4.466824556960875e-10 -8.927778259763003e-11 1.4255485619711667e-10 0.5447474225157359 0.08052706463612018 -2.791211403531397e-11 4.959718946898551e-10 0.4157453752670145 0.5385978228658026
1.0000000010322383 0.35789120714296535 2.2368733004222036e-10 -9.856200875414504e-10 1.5513847088883306e-9 0.260918430621098 -2.4841668015814396e-11 -7.497790903053198e-10 -1.4330418173175216e-10 -9.043153239684022e-12 0.5478658023997129 0.05464214989741362 -1.014151534134976e-11 2.2522963792546978e-10 0.4223368171527766 0.48445717583225634
1.000000000409125 0.3781457171635525 2.858047661865881e-10 -1.446852776233412e-9 1.9202473295243767e-9 0.2460726013063654 1.4431775685018068e-10 -6.806438335938414e-10 -2.1628950164056833e-10 -9.305972790328804e-11 0.5484426715503145 0.02596467494445591 -2.7795092574728832e-11 2.499425556873482e-11 0.42344108250860363 0.43237764835990855
1.0000000000626368 0.39738022492963093 4.976900977502773e-10 -1.3600799558193942e-9 2.579472328557022e-9 0.2323389733643992 5.698183866197353e-10 -1.1908286499551047e-9 -1.495040084457704e-10 -5.897019104836209e-11 0.5459862506523556 -0.004780999991208179 -3.507572873691212e-11 -7.256022695795123e-10 0.41955027672285644 0.3830736230224732
1.0000000001028633 0.4156514236349873 7.760427584737596e-10 -1.6547901984901138e-9 3.913563738926148e-9 0.21958256300127438 6.33833505304848e-10 -2.19952480055426e-9 -1.9492418656451066e-10 -2.024025115924112e-10 0.5401622457145563 -0.036859002085367645 8.505064728582935e-11 -9.436669818631074e-10 0.41125209879756075 0.33713349129247894
1.0000000001691056 0.4330123174066291 7.069479272021538e-10 -2.01978552783548e-9 5.304707634870238e-9 0.20769253964407267 6.974397588855468e-10 -2.3795530638763442e-9 -4.521860749154375e-10 -2.4255855703789526e-10 0.530782126574884 -0.06954060420525644 7.075203724182771e-12 -7.690025350585127e-10 0.39920206682090753 0.2950149912566606
1.0000000001439766 0.4495123133754858 7.266202101956011e-10 -2.033446745327284e-9 6.6884752158675205e-9 0.19657684649656312 6.573201712429861e-10 -2.5666636743160017e-9 -6.650474602242656e-10 3.0260021649304916e-10 0.5177908222606852 -0.10212142052829618 -3.1443901183237534e-11 -4.856170112698804e-10 0.3840975136920858 0.2570443221940234
1.0000000000386484 0.4651974177036551 6.116850560453876e-10 -2.2971613006943407e-9 8.030179421021201e-9 0.18615820915859685 8.910799101722948e-10 -2.4951843660262594e-9 -5.651402163404979e-10 2.194333338151272e-10 0.5012535820197729 -0.13393683368479986 -2.2646542241167133e-11 -5.127351352297696e-10 0.36665353209216967 0.22341872236235213
0.9999999991368973 0.480110483709868 1.0171546523720734e-10 -2.9926320579283873e-9 9.637747772925028e-9 0.1763711250532829 1.2481735666351937e-9 -2.486882489716092e-9 -3.9432981632477605e-10 4.700530699353286e-10 0.4813419710839879 -0.1643753878466244 -1.5681212889756806e-10 -5.920139145008119e-10 0.34758108413843547 0.19421213190176329
0.9999999983570286 0.4942914784158979 -2.1428268973249728e-10 -3.2125034638941735e-9 1.125721688156376e-8 0.1671595652621018 1.46590551675126e-9 -2.4771004712197095e-9 -2.98562076026677e-10 1.0445587155106764e-9 0.4583191289004646 -0.1928899800832542 -2.608101935249964e-10 -2.7431364072759405e-10 0.3275674758519863 0.16938355659045667
0.9999999976332685 0.5077777230156452 -6.336422262866321e-10 -3.5762691889279342e-9 1.2848823983948032e-8 0.15847520186077388 1.5125197605062236e-9 -2.7169747854657094e-9 -3.3127621529317345e-10 1.077256939419472e-9 0.43252447469588473 -0.21900671181508813 -1.772905404000674e-10 -3.542580007740876e-11 0.3072593934412984 0.14878769698707212
0.9999999964865783 0.5206041376444894 -6.737948044025292e-10 -3.591654600760279e-9 1.4761899828263846e-8 0.1502760207529258 1.8425856709830451e-9 -2.8666622789078415e-9 -4.086698342919008e-10 1.1982577312466768e-9 0.4043581683349059 -0.24233135962334454 -1.5481330637344616e-10 3.727551378305213e-10 0.28724861380715255 0.132187386297761
0.9999999947435019 0.5328034558456778 -5.799873155196418e-10 -3.6072368315915e-9 1.672647493112728e-8 0.14252522821462535 2.071878733731748e-9 -2.9819119663369154e-9 -3.7167251388794366e-10 1.9504959051122713e-9 0.3742655650977296 -0.2625534695890818 -2.3739615208060744e-10 5.850423932113741e-10 0.26806049726600545 0.11926739015879456
0.9999999927696447 0.5444064169971243 -3.7657805190450406e-10 -3.3482978737439377e-9 1.9563956808468518e-8 0.13519037948410692 1.5520013282171352e-9 -3.23333478915731e-9 -4.270345356812851e-10 2.9485072617674513e-9 0.3427220048477466 -0.2794481426928442 -1.5513904016180398e-10 1.038340651144194e-9 0.2501452601635227 0.1096491043692411
0.9999999903243608 0.5554419425408327 -2.5859914469895325e-11 -3.09335293094334e-9 2.290372700786612e-8 0.12824268100426964 1.4413503232147994e-9 -3.5397650937588865e-9 -6.535312663237015e-10 2.787901600151491e-9 0.3102181809609336 -0.2928756360001408 -9.96138932663777e-12 7.390720559356064e-10 0.2338720146773842 0.10290571102895932
0.9999999876725879 0.5659372906392615 4.475222044557685e-10 -3.155431429178776e-9 2.661853747678073e-8 0.12165642806561286 5.356729613376186e-10 -4.272285177904656e-9 -1.1298211307687775e-9 3.0413236694795653e-9 0.2772463932330839 -0.3027789475422601 3.097181600452715e-10 4.199525261423889e-10 0.2195254676664138 0.09857738020465914
0.9999999843270692 0.5759181955959701 1.0587605009109193e-9 -3.1239435652507374e-9 3.0182713077003214e-8 0.11540853565541495 5.921699917467842e-10 -4.142476082282615e-9 -1.4267495686225642e-9 3.5835841803456864e-9 0.24428790064653838 -0.30917957000308294 4.679621674694958e-10 -1.4106940573632924e-9 0.20730512662351025 0.09618611911857741
0.9999999810161246 0.5854089914500746 1.5018060092881048e-9 -3.2758217783223603e-9 3.403784059171148e-8 0.10947816033763147 1.2243717044199529e-9 -3.4458155973477966e-9 -1.4321124593899435e-9 3.782742274819582e-9 0.21180155759703237 -0.3121716753892778 6.178123639118014e-10 -3.0705798306529836e-9 0.19732685391367033 0.09524993277527094
0.9999999772538607 0.5944327243115278 8.221671996301582e-10 -3.475833461912029e-9 3.793847334884666e-8 0.10384639369372874 1.42660431442318e-9 -3.315342748965288e-9 -1.2869423686953233e-9 3.889480271473547e-9 0.18021392193042857 -0.31191495963235605 5.661493746429398e-10 -5.168213759469759e-9 0.18962650017065805 0.09529598138636165
0.9999999731603745 0.6030112482467606 7.725699498545661e-13 -3.742431981793348e-9 4.126319006210787e-8 0.09849599891664934 2.045284529449664e-9 -2.4287097055071666e-9 -1.564948484598747e-9 4.0288934657185815e-9 0.14991094129879765 -0.30862642936236245 1.2865631547102434e-9 -6.821448857336348e-9 0.1841653736523405 0.0958724847769116
0.999999968281661 0.6111653120972 -6.762577848511263e-10 -4.426696289732953e-9 4.4835221497404896e-8 0.09341119350138712 3.4508556768373175e-9 -1.7414199904260904e-9 -1.729656996892448e-9 4.0399596842332175e-9 0.12123127876903768 -0.3025713981301962 2.52607668574163e-9 -7.2354423323037665e-9 0.1808372514473875 0.09655915551671268
0.9999999634770947 0.6189146296035978 -1.4496383833386037e-9 -4.81479225200903e-9 4.7617247542759083e-8 0.08857746503978309 4.260107141698986e-9 -1.7543548260808448e-9 -1.5391838507677051e-9 4.273384674398871e-9 0.09446132216142863 -0.29405398267257543 2.6884550361135377e-9 -7.470427586505073e-9 0.17947664250492565 0.09697602276058448
0.9999999588588382 0.6262779631687168 -1.1251238680586615e-9 -5.39113998346303e-9 4.940043714239977e-8 0.08398142074545575 4.696942458045228e-9 -1.2904676081459318e-9 -1.4030952804625275e-9 4.260402479939776e-9 0.06983187518685108 -0.2834073450616783 2.8860154150838036e-9 -8.589571721729638e-9 0.17986797878571154 0.0967905372850608
0.9999999557330604 0.6332731777720144 -5.245241440356101e-10 -6.2479642894025335e-9 4.9727554637529304e-8 0.07961065671296953 5.60948283585193e-9 -5.340718908319475e-10 -1.1351237366984312e-9 4.478704013875689e-9 0.04751644469932716 -0.27098395475182185 3.3902363546703975e-9 -8.103424132039105e-9 0.18175542459454475 0.09572290254800755
0.9999999530815283 0.6399172994316658 8.808579490070532e-11 -5.643398224802685e-9 4.881205382250541e-8 0.0754536429198556 5.752521679886052e-9 -9.531734216924203e-10 -5.463690051078614e-10 4.379608318849086e-9 0.027631087809517403 -0.25714609649347026 3.964418661545951e-9 -7.403198345864229e-9 0.18485301593402087 0.09354963740172723
0.999999950069841 0.6462265640209225 6.155990911612255e-11 -4.979885241671252e-9 4.743583045425605e-8 0.071499631580048 5.37174812642643e-9 -8.392969946809748e-10 -4.092873962933763e-11 4.196807050976332e-9 0.010235662439947134 -0.24225683207595036 3.906198705375062e-9 -5.734570443964561e-9 0.18885485408534203 0.09010540912536134
0.999999946443121 0.6522164700269689 -6.913065254041171e-10 -4.455279654718715e-9 4.5910357266957214e-8 0.06773857257544272 5.621425899190692e-9 -2.0265784273875582e-10 8.902354527139886e-10 3.813635248135524e-9 -0.004663629134087792 -0.22667160832747305 4.090745929284331e-9 -5.108112060462586e-9 0.1934450596039023 0.08528320877026588
