0.9999999999328241 0.0038042450953163745 -6.311296179569937e-15 -1.1766890319916412e-15 -5.555674570847196e-11 0.7642387279216033 5.793152875627483e-15 2.939216128005039e-16 -7.797781322363315e-16 7.225656682179532e-18 0.7648286871886618 0.014880097693889285 1.3647955529841439e-15 -1.529717932390098e-14 0.008749078323050368 0.9993554011035701
0.9999999999275169 0.03303262265142337 -3.250826116236873e-15 -3.158305465536375e-15 -3.091225335072741e-10 0.434854504752928 6.473243610766919e-15 -4.363622651836234e-16 -3.6278543475748957e-16 -8.17934433535994e-15 0.4408177190575125 0.0628354355137561 3.66121521863838e-15 -9.495030898021233e-15 0.05356687194624687 0.9922213599670399
0.9999999989071805 0.08023528350309375 -1.0546861685426924e-14 -3.2023475255108913e-15 -1.0582402670315786e-8 0.24301548578711424 5.315443006942324e-15 -2.1705886346279754e-15 4.063100061352582e-16 -8.744323972549603e-15 0.26230690587710903 0.1072809918668335 5.795635904043358e-15 -5.060744882057902e-15 0.13675544409214574 0.9706793481641811
1.0000000011077481 0.1209729672518872 -1.3969245888298174e-14 -1.7795485732345e-14 -2.5049214327473985e-8 0.1440029767821992 5.139657627299413e-15 -2.9250846986216444e-15 2.8621008864840915e-15 -3.997592087288603e-15 0.1835898964302713 0.1353966133432765 1.965523240135051e-14 2.748492039062955e-15 0.24160038879759937 0.9322676378899848
1.0000000199444998 0.14688482424296967 -3.2841240451369232e-15 -3.764913697251525e-14 -3.268197602107219e-8 0.09072001333567198 1.549398410061602e-14 3.102351058211979e-14 8.543510117168961e-15 1.5007971848128545e-15 0.15415045285251813 0.14929670655351943 3.870885673027673e-14 -7.251199214096022e-15 0.34954773673570516 0.8801076679320414
1.0000000356790484 0.16053377001278787 2.18307025286135e-15 -1.0322106364108798e-14 -3.9629364102497605e-8 0.060400365059897355 2.142299361659975e-13 3.85413552689451e-13 3.901428585541695e-14 1.205062109999119e-14 0.14814783321777913 0.15280432858584658 1.2646879358269555e-13 -1.5454246561487576e-14 0.45025449490837965 0.8184060413749035
1.0000000471959738 0.16646609582362504 -2.999061928090795e-14 -1.760554060358586e-14 -4.7729533561230595e-8 0.04233048575561483 9.953886817349924e-14 1.4324845130668883e-13 1.2595562039587743e-14 1.449255987646941e-14 0.15306783153345446 0.1489675442542822 -2.5952010581306114e-14 -1.7813372607928248e-14 0.5401635540448608 0.7501152797938121
1.0000000562748466 0.16813209760560607 4.407883854533616e-15 -1.2822399198825119e-14 -6.433853433970322e-8 0.031112120602205282 3.485411114546544e-13 4.0486347126734076e-13 6.66654573152891e-14 1.7619923497792858e-14 0.1626866614430275 0.13995079406484692 2.9521499015385093e-13 3.3854412036206466e-14 0.6188402421917583 0.6768774277533158
1.0000000637505737 0.16764703959409938 -4.102716990351082e-14 -7.516879823497517e-14 -8.767079346309467e-8 0.02386242112354191 -8.474002884743949e-14 -3.9385655244652957e-14 4.644942372361107e-14 1.571313056868017e-14 0.17382376574868538 0.12723965041700713 1.9852890373874026e-13 -7.946207675032528e-16 0.6868094148674111 0.5995559949583099
1.0000000722829359 0.16619148099777492 -4.46445485038799e-14 -5.968479987052373e-14 -1.075096247763654e-7 0.018982770606051497 -1.0767220878116484e-13 -6.626523796784496e-14 2.5960914052080048e-14 4.6639487220793425e-15 0.18481714824489087 0.11184595160959002 1.0092509474803709e-13 -1.9569094197424364e-14 0.7446800599422084 0.5186733709096005
1.0000000715238537 0.1643866974676738 -7.607883403230913e-14 -7.918736738760749e-14 -1.240308641518851e-7 0.015562748423816542 -8.623855490434599e-14 -3.4302742546279274e-14 6.900368522799604e-14 -1.479511726766486e-15 0.19477690599480296 0.09446943778526215 2.2721876484143995e-13 -4.825875393980216e-15 0.7928910642560824 0.43466303288766533
1.0000000664014177 0.16254160608760465 -4.781125266694206e-14 -4.809414746657688e-14 -1.424858779461675e-7 0.013071419790746348 1.1180173168281597e-13 7.02875313869059e-14 3.0683276215536494e-14 1.2692388391143692e-14 0.2032111871179797 0.0756136476738555 8.421400786978217e-14 2.228380333710572e-14 0.8316946407108612 0.34798919022241276
1.0000000556022242 0.16079772258355185 -8.046146864165818e-14 -1.092376471926119e-13 -1.547014503271057e-7 0.011191572407726405 -3.1498006071167305e-14 3.466146926005198e-14 1.180652028226007e-13 6.107211686651148e-14 0.2098375741189092 0.055663858978357336 4.435861497933435e-13 2.2237435645778713e-13 0.8612101702708865 0.2591912365575771
1.0000000427164681 0.1592102087414179 6.096936963496431e-11 -9.994586812328975e-11 -1.6958992280361648e-7 0.009728776024519258 3.7490011401370126e-11 2.539232957051401e-11 -5.0085368019148805e-11 8.563326791796841e-11 0.2144885340884367 0.03493637982190819 -3.950519572305176e-11 1.1155809479848008e-10 0.8814862316234365 0.16889022464350745
1.0000000273819776 0.15779150871975678 1.125258319548452e-10 -7.024798135381063e-10 -1.8369693815977484e-7 0.008560619202929514 9.547649719632324e-11 5.627694769940588e-10 -1.5658490150867073e-10 -3.214880118157561e-9 0.2170644407937033 0.013708274012114201 -1.463762096656327e-10 -6.075447978453443e-9 0.8925515856968282 0.07777870693145922
1.0000000095798522 0.15653429487082074 3.592938748473152e-11 -2.41856119813843e-9 -1.965709269262976e-7 0.00760748878391087 1.0637743947940744e-10 2.293845226266648e-9 -2.130612611285494e-10 -1.354015900355858e-9 0.2175104641311617 -0.007765691934375872 -3.6798467213124566e-10 -1.861300293114046e-9 0.8944522297024673 -0.013396218469085805
0.999999991970259 0.15542324897871004 -9.185991163150221e-11 3.162916581331899e-9 -2.0750170843162157e-7 0.006815928387220687 7.810997096766732e-10 3.323927404321396e-9 -4.3291824624761427e-10 8.398624424933585e-9 0.215805290083734 -0.02924400350935833 -3.4725082706752297e-10 1.027827603460362e-8 0.8872762609206697 -0.10385059990540987
0.9999999703892196 0.15444100641221986 -5.492487856062364e-10 -1.5410472602788678e-9 -2.173809539370485e-7 0.00614898712247389 -2.302263044949997e-10 -3.873970782922263e-9 -6.038659564393095e-10 5.7347120847557534e-9 0.21195554867714683 -0.05049416565492244 -3.339486698405248e-10 4.83927013462222e-9 0.8711696832160185 -0.192780159444806
0.9999999464507855 0.153570825263732 -2.8667712157078095e-9 -8.940747079466777e-9 -2.2777078400170663e-7 0.005580255788076855 -1.153972432291968e-9 -1.0294108653063679e-8 -3.485192736639125e-10 -3.137955552963288e-9 0.20599290041322382 -0.07129129717868558 5.5025163060953e-10 3.3042746688605865e-9 0.8463458059612314 -0.2793753345576827
0.9999999235031546 0.15279753169541144 1.1145734273161738e-10 -2.433531711544804e-9 -2.3911378680179773e-7 0.005090356989753061 -1.2652371734055264e-9 -1.2201797263592844e-8 -3.417742016387342e-10 -5.200371429430626e-9 0.19797231243161878 -0.09141820966191716 7.378263137850141e-10 1.1593814753091228e-8 0.8130901012161407 -0.36283468149373727
0.9999999010928168 0.15210794766104352 6.040065400775944e-9 8.648573680234226e-9 -2.5003149872447094e-7 0.0046647514743562365 4.27969093365391e-10 -9.841262161487765e-9 1.6318388306905715e-10 -9.536010051478413e-9 0.18797076043683045 -0.11066644650892347 8.927620789793771e-10 1.4219043580327273e-8 0.7717619280544364 -0.4423766333756955
0.9999998807758189 0.1514907074340916 3.3325112433874867e-10 -1.6810841046225725e-10 -2.651681140890977e-7 0.004292243233522696 1.2606969888811191e-9 -9.064377862492957e-9 2.0279897374460685e-10 -1.043143540279761e-8 0.17608602217525057 -0.1288377282730809 9.86177872921711e-10 2.3093045072226974e-8 0.7227937963127687 -0.5172503515611186
0.9999998599333911 0.1509361939097943 2.0101883740002994e-10 -2.383387510651068e-9 -2.792326242637952e-7 0.003964096033915752 4.560983137169842e-10 -8.94708183727226e-9 9.115234715064025e-10 -1.420039775726922e-8 0.16243545673035836 -0.1457455230350815 5.004812150732798e-10 1.2898846526141749e-8 0.6666891028121917 -0.5867450193001941
0.9999998392874803 0.15043622661479375 5.247831379469036e-9 3.1823321525778513e-9 -2.924952079754332e-7 0.0036733362188563776 1.6144358708966907e-9 -7.913727390001254e-9 9.661800642557923e-10 -1.3020825340787315e-8 0.14715468282358052 -0.16121667267233894 4.1317705530232953e-10 7.996221741195789e-9 0.6040185651797934 -0.6501982833740376
0.9999998174624845 0.14998373476209023 1.1572154315300746e-8 8.680996520913519e-9 -3.057146572255827e-7 0.003414358710843098 -2.5325586646127284e-9 -9.727709976561966e-9 1.4855183207865892e-9 -9.022986674700158e-9 0.13039602257784935 -0.17509304378161886 1.9104162731056034e-10 1.0292669873486725e-8 0.5354153653723689 -0.7070040890716557
0.9999997953997263 0.14957287666523805 9.440039368860668e-9 7.520365904075538e-9 -3.2150798480522453e-7 0.003182587647099299 -2.089438938638611e-9 -8.41891505834156e-9 2.081374902471576e-9 -7.632511994475297e-9 0.11232689670800705 -0.18723299076898406 -1.3446901769209873e-10 1.1318687096151332e-8 0.4615692488364781 -0.7566196710249427
0.9999997720383105 0.14919865888269243 4.667968470721915e-9 4.517126840619469e-9 -3.361799772712994e-7 0.002974252118833787 5.599953127355042e-11 -6.857790858784985e-9 1.8777572586505977e-9 -9.53051116554233e-9 0.09312807402125832 -0.19751267800263736 -6.128334580718715e-10 4.675116382013089e-9 0.3832205150316523 -0.7985712080648125
0.9999997495282184 0.14885679425222456 -5.583632595412674e-10 2.2117261805849727e-9 -3.52444604962274e-7 0.0027862646916493672 1.5620997987554443e-9 -6.280137345452717e-9 2.1465338229071437e-9 -1.0604323427625256e-8 0.07299177620200854 -0.20582728421635313 -1.0128495558677173e-9 -4.4384485128437695e-9 0.3011527062184933 -0.8324591964999429
0.9999997287094678 0.14854361148489684 -1.3503240363132735e-8 -3.555159624676621e-9 -3.685196831595887e-7 0.0026159839182072955 3.1827733838793116e-9 -5.3240661507464145e-9 2.3732452517828757e-9 -9.143997111468856e-9 0.05211972791604277 -0.21209197192761528 -1.154478384416944e-9 -4.6553788261435505e-9 0.21618522901466616 -0.8579626586379697
0.9999997084677477 0.14825593059631217 -2.707907246816637e-8 -6.894418004953591e-9 -3.8455605295434516e-7 0.002461218505458769 3.823993053916381e-9 -5.383417617760184e-9 1.2382036431656833e-9 -7.713004501972085e-9 0.03072111214913949 -0.21624269831721804 -2.339328556872431e-9 -6.0893029078831675e-9 0.12916541764399392 -0.8748426337288757
0.9999996877013579 0.14799102419217952 -2.4742048110498783e-8 -7.53522385448764e-9 -4.0048705468489445e-7 0.0023201286986214266 6.699319519168814e-9 -5.564517077994255e-9 1.3195057971741716e-9 -7.304113334082213e-9 0.009010359653454298 -0.21823682404048403 -2.9532345184420467e-9 -8.413728909051324e-10 0.040959974193899365 -0.8829447947746197
0.9999996655631731 0.14774652131524732 -2.0453801520267788e-8 -8.401847442250806e-9 -4.160478568290535e-7 0.0021911250833067004 9.45079027743771e-9 -5.6518504975970645e-9 1.3623731175849407e-9 -7.369690185957032e-9 -0.012794953776631673 -0.21805350140634203 -3.4433725758044884e-9 1.347382608367046e-8 -0.04755340466510631 -0.8822010997431874
0.9999996426740771 0.14752030822323037 -2.3786892531906342e-8 -9.369734572817929e-9 -4.303342022683464e-7 0.0020728329918192883 5.0042869243367225e-9 -4.913263733567812e-9 1.6007718560879097e-9 -1.4009850024796029e-8 -0.03447628797903675 -0.21569384375603795 -2.4631083932661717e-9 -2.3541608216665344e-9 -0.13549444316641807 -0.8726305736487707
0.9999996186867336 0.14731056091167008 -2.458220363137688e-8 -9.204872744777447e-9 -4.441136259472604e-7 0.0019640846804891325 -2.0454080643378153e-9 -3.783580455397933e-9 1.6434178492952647e-9 -1.4445815041158813e-8 -0.05581634833972503 -0.21118090489755836 -1.3777543403817972e-9 -6.390888005748804e-9 -0.22198907711727495 -0.8543392943736426
0.999999594288901 0.14711569821727002 -3.395625147625248e-8 -6.683703776507342e-9 -4.57208444304178e-7 0.001863872591987538 -2.994165959679006e-10 -4.420250022489204e-9 2.258767392436645e-9 -1.4113796019617382e-8 -0.07660129558384483 -0.2045594164390331 3.754362481287902e-10 -8.611378909266865e-9 -0.30617816266679004 -0.8275194007360828
0.9999995684073327 0.14693429940396976 -4.580698716965943e-8 -2.22088461790566e-9 -4.713424248568837e-7 0.0017713051047662269 1.5948746742503652e-9 -5.531972507470723e-9 2.143631400768273e-9 -1.2363705400273477e-8 -0.09662293067762652 -0.19589530212684314 1.6402488986825702e-9 -3.733592417662546e-9 -0.3872261947973067 -0.7924471650140639
0.9999995410151884 0.14676509829129925 -4.22713714510165e-8 -4.925229502267175e-9 -4.846677744182314e-7 0.0016856054200495697 -6.579494691434844e-10 -5.197900904742821e-9 1.5417736982977215e-9 -1.4826431885547856e-8 -0.11568072695922349 -0.18527500540766376 2.4668854257907794e-9 -1.4323246016373594e-8 -0.4643292960258258 -0.7494803596954476
0.9999995128983494 0.14660705215046815 -2.6108730907310954e-8 -1.728907366906222e-8 -4.972140683397524e-7 0.0016061021194156689 -1.7266972198837797e-10 -6.153239853921591e-9 3.29790943902786e-10 -1.1051663084918887e-8 -0.13358384839029838 -0.17280461245773637 3.358685200372142e-9 -6.133896557236448e-9 -0.5367232234760634 -0.6990547278476092
0.9999994848996356 0.14645919102098057 -2.0936463581114013e-8 -2.2497068854629848e-8 -5.075210511350862e-7 0.0015322161889354316 -2.7602132983385636e-9 -6.157999574506335e-9 3.173700019898149e-10 -6.074306280944244e-9 -0.15015306535382994 -0.15860876418593023 3.5921156855544843e-9 9.084483473215974e-9 -0.6036909387542702 -0.6416797017700416
0.9999994550090923 0.14632064714821336 -1.7492438012786445e-8 -2.6392069597722733e-8 -5.16504877465683e-7 0.001463432149571174 -3.904618435183639e-9 -6.831691911383627e-9 1.084174301417657e-9 -4.6721764040030045e-9 -0.16522255822532508 -0.14282939363278993 2.8032474990336262e-9 1.5452217066005444e-8 -0.6645698201906808 -0.5779332435108387
0.9999994245781983 0.14619058644566088 -1.9230758744719948e-8 -2.469198662806429e-8 -5.256262889486258e-7 0.0013992777907352522 -4.184284428686249e-9 -7.959743825640085e-9 1.4120692035606126e-9 -4.9025491108650756e-9 -0.17864154100314736 -0.12562430695671878 2.721394003993241e-9 3.50275469667351e-9 -0.7187580940163187 -0.5084562506874951
0.9999993898369859 0.14606833753871912 -1.8516698800691566e-8 -2.6873530466812694e-8 -5.337662348447665e-7 0.0013393324085955091 -6.257510946431995e-9 -6.373572268090043e-9 6.672900524213248e-10 -1.152018985570613e-9 -0.19027579701674813 -0.10716558707325385 2.904561831616615e-9 3.727350274329226e-9 -0.7657208935453089 -0.43394608612430063
0.9999993557263192 0.1459532719245923 -2.1008086392516116e-8 -1.9530663572108072e-8 -5.414143774080852e-7 0.0012832422085222667 -6.389103533531278e-9 -5.486986123396354e-9 -4.514370863297871e-10 4.256180699566445e-9 -0.20000900785306566 -0.08763784636706785 3.5583747959949576e-9 1.241571207899239e-8 -0.8049954914960241 -0.3551497404778513
0.9999993223998526 0.14584480970866462 -2.1651633995345243e-8 -1.7043709524420577e-8 -5.4847792302726e-7 0.0012306726807968414 -6.1236583440464695e-9 -7.448631424850714e-9 -7.377977539567863e-10 1.499498117103082e-9 -0.207743918168573 -0.06723638053462719 3.4646229098902467e-9 1.3971106319552156e-9 -0.8361959180199723 -0.27285630763723623
0.9999992906708091 0.14574242055988076 -2.015994177877399e-8 -1.9306983469877786e-8 -5.547694124362922e-7 0.001181340517379455 -5.014086824641015e-9 -9.892487247200712e-9 -2.8887984019893223e-9 -1.2697871638262323e-9 -0.2134032773648861 -0.04616523055903607 4.078314447223749e-9 -9.002890456801602e-9 -0.8590167702521765 -0.18788915406925266
0.9999992567667693 0.14564569802528335 -1.8677745654378637e-8 -2.177379692595931e-8 -5.592973796101605e-7 0.0011349739514630818 -5.198798844189752e-9 -1.0924933084331173e-8 -3.432624561290994e-9 -6.86750249545299e-9 -0.21693063519180056 -0.02463513023620538 3.6211518372210284e-9 -1.3478119708649454e-8 -0.8732361876888842 -0.10109782368985999
0.9999992183908067 0.14555416598372298 -2.020161939357233e-8 -9.112937631637066e-9 -5.615731576407798e-7 0.001091339821302694 -3.5031460610520026e-9 -1.51470456840558e-8 -4.877290239949079e-9 -6.656264547885254e-9 -0.21829089063392348 -0.00286134380752187 3.4689687149960647e-9 -8.785402223107561e-9 -0.8787180708221325 -0.013349552048830782
0.9999991811769706 0.1454674508910217 -2.1726965034045092e-8 -1.199249047086102e-8 -5.654351086862181e-7 0.0010502313982496251 -2.2519117373007933e-10 -9.743636695269823e-9 -4.9587673202463616e-9 3.670130995116206e-9 -0.2174706400305455 0.018938410853557054 3.5897138869090206e-9 1.1658627871603752e-8 -0.8754134063230815 0.07447949581434478
0.9999991394029042 0.14538530429361407 -1.9617738246871776e-8 -1.3514774771730628e-9 -5.668977788845743e-7 0.001011455098025676 -2.2382844998565926e-9 -7.345443885453919e-9 -5.449204430071455e-9 4.56630831625824e-10 -0.21447829493636308 0.04054627364919356 5.728367618841232e-9 3.478271821168599e-9 -0.8633607054083492 0.16151288658098922
0.9999990956682457 0.14530735852142435 -2.0366127414573224e-8 -5.396125484232943e-9 -5.645336563793184e-7 0.0009748245805540054 -3.436230104815803e-9 -8.691130328200988e-10 -5.214840487371926e-9 -6.039764304670633e-9 -0.20934400029634762 0.061746265169696085 7.993586770899881e-9 -2.3930007422393512e-8 -0.8426855954182888 0.2468825031375675
0.9999990493687023 0.14523330106568164 -2.7123586531174526e-8 -2.766863523203845e-8 -5.600072858643399e-7 0.0009401998673782423 -3.3882587961372143e-9 4.329855277607752e-9 -6.029468102938728e-9 -3.065215170792769e-9 -0.20211931611798517 0.08232655132914346 8.827550297518374e-9 -3.5661122062092065e-8 -0.8135995280402061 0.32973734833060503
0.999999002296124 0.14516291225784247 -4.386016073887929e-8 -6.758075957535555e-8 -5.558976649539597e-7 0.000907424957934573 -2.375088870650853e-9 1.0236796441122636e-8 -6.174648011710775e-9 -9.669641166557212e-9 -0.1928767175500659 0.10208148742448063 9.769547821204354e-9 -3.8386149485213905e-8 -0.7763976842566718 0.40925184588274055
0.9999989526504879 0.145095931092827 -4.6041444268346865e-8 -7.592446048243864e-8 -5.52539257431076e-7 0.0008763626284793711 5.018749971476678e-9 1.6837428209498897e-8 -5.969744246802735e-9 -1.2339925128812426e-8 -0.1817088589610869 0.12081374119184816 1.2360498259986277e-8 -4.245021703909127e-8 -0.7314559604156916 0.4846341950109483
0.9999989032377355 0.14503206670494065 -2.6286150082746337e-8 -4.8242723967017505e-8 -5.467017765028936e-7 0.0008469244286714464 8.219097562761026e-9 1.7778428116304677e-8 -6.104286815063355e-9 -1.5174312031433116e-8 -0.16872760051977745 0.13833624837423472 1.3917098824628047e-8 -7.139003415729182e-8 -0.6792272017437486 0.5551341917764971
0.9999988513684608 0.1449712218724607 -1.3055700521879508e-8 -3.361669977119058e-8 -5.404086017603549e-7 0.0008189678531796027 1.0657489642004536e-8 2.027899708014741e-8 -3.6570760877134384e-9 -1.6860699452247657e-8 -0.15406293467205265 0.15447407491040727 1.3727697452249843e-8 -7.518537412325199e-8 -0.6202366856025772 0.6200506538360018
0.9999988009232867 0.14491319009958006 -7.126561434828582e-9 -2.3713831835435953e-8 -5.334008400288042e-7 0.0007923878048247255 1.0516530833806905e-8 2.080011365772812e-8 -3.6111432399791935e-9 -1.3951866055991133e-8 -0.13786165692646682 0.16906615207265668 1.3674604045456221e-8 -7.396220792688912e-8 -0.5550768070316839 0.6787384752113067
0.9999987466572512 0.144857746935958 -1.03880832628656e-8 -2.13745212214004e-8 -5.2359246727087e-7 0.0007671107986854225 9.799823259404108e-9 2.1161217381212783e-8 -5.243849705228247e-9 -1.946013739708113e-9 -0.12028590460759733 0.18196689196137303 1.3169159102013038e-8 -5.375129893710607e-8 -0.48440123150791026 0.7306149053780175
0.9999986922528129 0.14480474588468265 -2.4250273611511512e-8 -2.7659686372478715e-8 -5.127507226473093e-7 0.0007430492520356977 6.9165581442590925e-9 2.1546270881903676e-8 -7.578661230833201e-9 6.062270046752981e-9 -0.1015115393711402 0.19304764657557616 1.4090587893737397e-8 -3.5496612886153e-8 -0.4089183653956051 0.7751653926269966
0.9999986353053216 0.1447540173465979 -4.587113233437557e-8 -3.7762547080958684e-8 -4.991782622063805e-7 0.0007201253305879288 -3.52753991470892e-9 2.036835016959119e-8 -7.627209789929046e-9 1.4632719847754271e-8 -0.08172637313338513 0.20219798648943177 1.7706094395773223e-8 -2.141916897365708e-8 -0.32938420612282915 0.811948710121342
0.9999985764788925 0.14470547846980333 -6.84984717291058e-8 -4.418052494324623e-8 -4.841141921383875e-7 0.0006982843487105217 -6.388926963003642e-9 2.2558686120879552e-8 -4.6765754137202916e-9 5.313641971149153e-8 -0.06112828308072806 0.20932679945875446 1.8180796430947597e-8 1.8095000213292413e-8 -0.24659478859066986 0.8406012961765026
0.9999985192135079 0.14465899847510313 -6.165914190568542e-8 -3.904230221334626e-8 -4.689585930826804e-7 0.0006774418875099803 -7.963018631175652e-9 2.368760218441318e-8 -4.511373999649136e-9 7.822757845911767e-8 -0.039923229024541915 0.2143631803676509 1.8215815187867927e-8 7.162898719006644e-8 -0.16137827635942523 0.8608408919467203
0.9999984584138734 0.14461445321724614 -6.222845091596913e-8 -3.7883045964183494e-8 -4.539105095253646e-7 0.000657546517924512 -7.873228297678344e-9 1.9734521033246854e-8 -7.620488029701986e-9 4.857798010430508e-8 -0.01832318046014416 0.21725718645088002 2.1034447258356942e-8 8.993759459474444e-8 -0.07458663093216848 0.8724692647851124
0.9999983976014567 0.14457175263389183 -4.7418667695844586e-8 -3.5973031357197295e-8 -4.349132682140046e-7 0.0006385183939947324 6.107437936601169e-10 1.6888659040485846e-8 -1.2654733697511215e-8 2.15000389303968e-8 0.0034559303356716934 0.21798025854366065 2.8055567453947523e-8 1.0493446802711171e-7 0.012912740881768501 0.8753741846461327
0.9999983371254213 0.144530812140421 -1.9604986352996303e-9 -3.6926498100354375e-8 -4.1013766698378027e-7 0.0006203202492125496 1.0476474860504394e-8 1.4294614161017338e-8 -1.553553893190886e-8 1.3785529626954068e-10 0.025196457200851195 0.21652556479202786 3.162460551956076e-8 9.597778628399926e-8 0.10024576898663388 0.8695305144877881
0.9999982735261268 0.14449146933320128 5.30624983706851e-9 -3.532744493083993e-8 -3.817673638956272e-7 0.0006029013427674823 1.9421622699516537e-8 1.3075636641248302e-8 -1.64244010434759e-8 -1.4544621089872837e-8 0.04668118897616918 0.2129080371083934 3.4152933109782163e-8 6.059584198173174e-8 0.1865404947667177 0.8550004144707333
0.9999982096564313 0.14445364523384963 -2.5217816949141097e-8 -2.7427573879988407e-8 -3.4890438604626715e-7 0.0005862186814297901 1.8670853296074757e-8 1.1802255198135956e-8 -1.6010822184475683e-8 -2.250993329483564e-8 0.06769550198022264 0.20716421505428775 3.5991427277030525e-8 3.9254206710170755e-8 0.2709356149027166 0.8319327037040244
0.9999981427583796 0.14441736546091732 -5.501138875214229e-8 -1.5568891245853593e-8 -3.144390421898103e-7 0.0005702303522347264 2.8493750387106402e-8 5.046429032042224e-9 -1.4594756656379118e-8 -1.3348631663780487e-8 0.08802950719183483 0.19935188142681884 4.1716749000295434e-8 4.5333028570400744e-8 0.35258912695445066 0.8005613258062761
0.9999980731515503 0.14438250850263648 -9.62870120435746e-8 8.579654322152604e-9 -2.800144015213659e-7 0.0005549168530453107 3.5319087987813e-8 2.2251092117725115e-9 -1.2746605859966937e-8 -1.2994708369154314e-8 0.10748018524037065 0.1895494753315637 4.4422137218098556e-8 5.010232947780238e-8 0.4306868086026731 0.7612029785530285
0.999998004456152 0.14434888836628154 -1.3564788481249642e-7 3.4305392988403336e-8 -2.398953819856011e-7 0.0005402370874233682 2.8400556097783063e-8 7.116554737541713e-9 -1.528113479525559e-8 -2.5992952320801253e-8 0.1258533540538875 0.17785530763797447 4.6388933210626595e-8 5.8599245701183584e-8 0.5044501455141589 0.7142539890150273
0.9999979328374504 0.14431648500850186 -1.2937130127718519e-7 2.9183377893531905e-8 -1.9977926400220468e-7 0.0005261528789848902 2.3532780920707154e-8 7.501440402518873e-9 -1.7583395308025963e-8 -2.5860720759507897e-8 0.14296562179969682 0.16438659102407008 5.020055553194896e-8 8.32944994028024e-8 0.5731442428807021 0.6601862375910558
0.9999978622203582 0.1442853256318859 -7.629149247809896e-8 -1.56310885390799e-8 -1.557626850931062e-7 0.0005126291882364743 1.3274108467109514e-8 1.8292775614357376e-8 -1.8896814447527625e-8 -1.0011861076662253e-8 0.15864628523313898 0.1492782113857018 5.165007129956348e-8 1.1466809508352362e-7 0.6360850298584935 0.5995425399765171
0.9999977883937551 0.14425526963576504 -3.966953955506315e-8 -5.489037625007464e-8 -1.0989352902920869e-7 0.0004996331673782005 6.807293932661089e-9 2.5639452288607436e-8 -1.6145211699016105e-8 -2.085059231930425e-8 0.1727389376186788 0.1326814563435355 5.1631453861424675e-8 5.882524419665137e-8 0.6926461819698475 0.5329310836108778
0.9999977097334392 0.14422627166736016 -4.2243613554202093e-8 -5.263861785138179e-8 -6.560750379900843e-8 0.0004871328551501709 1.0546263936403134e-8 2.1859427381894086e-8 -1.681611572202268e-8 -2.9317322086719472e-8 0.18510306048506048 0.11476245153047701 5.354595597690117e-8 7.050613573339539e-8 0.7422652187202811 0.4610194737395521
0.9999976368524031 0.1441983407907127 -3.673720838495625e-8 -5.977706599570486e-8 -1.7013796943060375e-8 0.0004751054585236084 1.2884902793447187e-8 2.159650986948812e-8 -1.661355243714462e-8 -2.1432719941435355e-8 0.19561548579017102 0.09570045012727203 5.711600652473134e-8 1.4796280403210892e-7 0.7844492560623096 0.38452784816467867
0.999997561824149 0.1441713405851794 -2.4379355517662058e-8 -9.525636365868764e-8 3.093797677739261e-8 0.00046354667748687526 1.0435047788752776e-8 2.927503611524101e-8 -1.4038637079008644e-8 -9.556242140468497e-9 0.20417153014394757 0.07568614893653598 6.021953221881144e-8 2.3091478150925497e-7 0.8187797378390441 0.30422192405316334
0.9999974888772456 0.1441452462315444 3.7149141104202142e-9 -1.807239758011049e-7 7.88511671786351e-8 0.0004524059732322838 2.8602161646236217e-9 4.4663382168546206e-8 -9.591734261222035e-9 1.5559634715463873e-9 0.21068609193077698 0.05491970013940764 6.370059376894562e-8 2.8864170004254185e-7 0.8449166939657371 0.22090516368398755
0.9999974116118803 0.14412004569176068 2.2564817232805667e-8 -2.391967737555815e-7 1.2869970952750031e-7 0.00044167879219125436 -3.1486944592654055e-9 5.694678142507252e-8 -3.597953279556194e-9 3.2877289350160085e-10 0.21509448471309556 0.03360872613025028 6.784871444297071e-8 2.6962764890644093e-7 0.8626020829615038 0.13541074976383344
0.999997334831936 0.14409563759461724 2.5906780750486945e-8 -2.08169869785206e-7 1.8189379134996297e-7 0.00043133227600899255 -6.9048141562533936e-9 6.043960953709793e-8 3.77953721593731e-9 -1.0285864793897445e-8 0.21735308122807048 0.011966260850296598 6.841943250033392e-8 2.048495268447852e-7 0.8716623009355113 0.04859336818947203
0.9999972543726896 0.14407199942749677 3.336758554614764e-8 -1.2735225452764243e-7 2.3595800099696966e-7 0.0004213560412880833 -7.308958661102885e-9 6.138708344434517e-8 1.0120974430875845e-8 -1.037519604019288e-8 0.21743974065965146 -0.009791388250962272 6.566937998186072e-8 1.8763450292199586e-7 0.8720099217042732 -0.03867932468920129
0.999997173585937 0.14404916614910598 4.4191448849025e-8 -8.092954321892789e-8 2.9287440470273854e-7 0.00041172693305801394 -1.0180152121715529e-8 6.342952603433953e-8 1.7594132749222838e-8 -1.499632760424833e-8 0.21535403415389692 -0.031446820452535496 6.247763930785463e-8 1.6994865234366132e-7 0.8636445353880715 -0.1255355361200145
0.9999970970268485 0.14402707988664815 5.361513796822992e-8 -7.390314714557018e-8 3.5156309998694545e-7 0.0004024335582216618 -1.4636125076435005e-8 6.164159409305843e-8 2.6006547104142814e-8 -1.586041862719012e-8 0.21111723257323323 -0.052783709668997675 6.387924296152387e-8 1.3174650251608284e-7 0.8466527164521436 -0.2111079303295611
0.9999970211743457 0.14400570080900474 6.871794867492025e-8 -5.0191653779343125e-8 4.1263239591824853e-7 0.000393452485360294 -1.963178069909345e-8 5.562966967509457e-8 3.662259572934457e-8 -2.008632535972206e-8 0.20477209579603173 -0.07358894008817736 6.408395890639528e-8 1.0873921479658989e-7 0.8212071471960953 -0.29454219635249435
0.9999969511342837 0.14398500098496445 8.01997051699308e-8 -4.533086353604349e-8 4.778587107440305e-7 0.0003847787183828025 -2.6253772842261695e-8 4.7289461641789425e-8 4.580035071018368e-8 -1.2056116778714058e-8 0.19638244282241174 -0.09365474549767616 6.205125451248613e-8 1.265273406283645e-7 0.7875648610011833 -0.3750057014179099
0.9999968807496143 0.14396495875612686 9.10585619822536e-8 -3.700548759965523e-8 5.456280072432945e-7 0.0003763975600567183 -3.5438046145059816e-8 3.674927828573771e-8 5.237392243432922e-8 1.3657159812610424e-8 0.18603250454046283 -0.11278081009607285 5.7776386309099274e-8 1.851105082940434e-7 0.7460646375875302 -0.4516957719360579
0.9999968036023525 0.14394555638589743 8.987940948061233e-8 -5.28175982039249e-8 6.168080154867838e-7 0.0003682941813908095 -4.736736668624331e-8 2.513364911954408e-8 6.161868809442771e-8 2.1438920451698714e-8 0.1738260794962076 -0.13077623326460433 5.352094648408445e-8 2.1935466561946516e-7 0.6971235938807703 -0.5238476806724881
0.9999967237266466 0.14392670769777083 8.572282389619147e-8 -7.276748433266101e-8 6.903660608933942e-7 0.000360456064811619 -5.98715568523982e-8 1.3796420751694422e-8 7.239386391715821e-8 4.075661621889834e-9 0.1598854933677498 -0.14746145974165858 5.164850274669624e-8 1.8003933213612113e-7 0.6412330181468565 -0.5907422358611382
0.9999966453662286 0.14390841096444845 1.0309065906393542e-7 -6.408858484368551e-8 7.653487848332012e-7 0.0003528761139074934 -6.699334764953325e-8 1.1389328674193786e-8 8.107356102791598e-8 -1.2214666939169353e-8 0.14435037858963293 -0.16267005316681038 5.10477363964306e-8 1.252043332405797e-7 0.5789534691448859 -0.6517129448243995
0.9999965588159907 0.14389072602232905 1.3589983720056108e-7 -4.213923750260551e-8 8.433222798278727e-7 0.00034554460096046974 -6.703396499586273e-8 1.6899265963095413e-8 9.082527585470688e-8 -2.1591136553820622e-8 0.1273762739421753 -0.17625035717188367 5.374266775227506e-8 8.542635047847908e-8 0.510909106282374 -0.7061527012366604
0.9999964703993703 0.14387351603393797 1.678731355235535e-7 -2.106541437454778e-8 9.240805560229478e-7 0.0003384465915399151 -6.667084384571903e-8 2.1705627911085942e-8 9.30406166693346e-8 -7.348884031470845e-9 0.10913303032913191 -0.18806704559844833 5.1830568190067355e-8 5.2628479681562166e-8 0.43778138099846714 -0.7535198644881606
0.9999963849986655 0.14385668853578631 1.753782611841758e-7 -1.829762818142406e-8 1.0072936914186303e-6 0.0003315677667900816 -6.100860949654053e-8 2.7409119888642566e-8 1.0478649037921342e-7 -2.2807535299593233e-8 0.0898031896135316 -0.19800240204414116 5.1206049868770084e-8 4.141948711953859e-8 0.36030234726930155 -0.7933435332069718
0.9999962975355425 0.14384037342734515 1.6858369324288312e-7 -2.2355825102334318e-8 1.092981720396924e-6 0.0003249085947230499 -4.700774569043615e-8 3.3588678732395e-8 1.0999345230872974e-7 -1.9188312432483885e-8 0.0695800853657443 -0.20595755007484437 4.867735625031319e-8 5.349158706996673e-8 0.27924732812976927 -0.8252282655539387
0.9999962065246912 0.14382452493755302 1.5748705167202619e-7 -2.5337125548450085e-8 1.1772481651213172e-6 0.000318454210290719 -2.8301257084761378e-8 3.805319552209055e-8 1.1694738772193361e-7 -1.2150955011062975e-8 0.04866592312982835 -0.2118534192986039 4.792706729125906e-8 1.0034921564354777e-7 0.19542705861178977 -0.8488580467411223
0.9999961160019765 0.1438091286968098 1.468907918731703e-7 -2.9043661208632503e-8 1.2665249925949095e-6 0.00031220202763778093 -9.07618302202466e-9 3.951662740823537e-8 1.1810456374036952e-7 -1.062264187929582e-8 0.027269807209188042 -0.2156315170464731 4.4158897500490906e-8 1.1810266098112557e-7 0.10967965954909495 -0.8639993856518853
0.9999960317022631 0.1437942057485684 1.7466385693024394e-7 -2.9484371452041218e-8 1.3581017708582462e-6 0.00030613077257913565 9.237407445595363e-9 3.73335689315406e-8 1.1603626580207935e-7 -9.527426995168356e-9 0.005605594837454278 -0.21725452853307312 3.6910002783402924e-8 1.327316622458035e-7 0.022862251226039448 -0.8705036342477713
0.9999959455716172 0.14377969730095272 2.0365864484570963e-7 -3.3738763281624184e-8 1.452419714077949e-6 0.00030024118217143384 2.4793167909233342e-8 3.1648359433717045e-8 1.1704928551965919e-7 -1.1465665876312865e-8 -0.016110199930126707 -0.21670667120006254 2.981025837484292e-8 1.4229704862954176e-7 -0.06415759853137526 -0.8683084398247334
0.9999958639266052 0.14376556200942334 2.3338852706184315e-7 -4.014351561953636e-8 1.5485295158077663e-6 0.0002945213618575212 4.276278409772961e-8 2.4537948046584864e-8 1.1838501772887754e-7 -1.1533562838480994e-8 -0.03766061305328239 -0.21399386300827206 2.23253276043103e-8 1.6616333525098764e-7 -0.150510589883115 -0.8574383556513818
