0.999999999915378 0.003212765281490107 9.148210400950205e-15 -6.620431762025567e-16 -3.828482918229826e-11 0.7993937059950282 6.403758061346717e-15 -3.1655036766875817e-16 5.730110540721862e-16 9.277119382441667e-16 0.7998985697278912 0.012722530507987998 -4.444896292473355e-16 1.9474129690277935e-14 0.007368917570761864 0.9994564553025809
0.999999999947353 0.028867595063793834 1.3881882552833391e-14 7.46693867304238e-16 -3.034380328569905e-10 0.49966386401021456 8.322802746804193e-15 -5.189970559085963e-16 1.3342377315217285e-16 -4.8861127371585194e-15 0.5049824676904465 0.05660660363597404 -2.590136483272799e-15 1.577697337389979e-14 0.045749640016207356 0.9933421343031034
1.0000000003521772 0.07351501355664888 1.556398746728226e-14 3.928496244642959e-15 -6.944083853387781e-9 0.3076008541382348 -3.1857148327836316e-15 -4.286240188746088e-15 -3.5087959860257176e-15 2.1840225971620112e-15 0.32533621106475064 0.10150135164393238 -5.9349114472672176e-15 5.462882194679807e-15 0.11823618357935392 0.9745572160627101
1.0000000039635555 0.11695189674630227 3.848818532507869e-15 9.7986793105721e-15 -2.6013594530151854e-8 0.1989832935097623 6.83463511747801e-15 -6.172327659235937e-16 -5.0811763972913815e-15 4.5594243639371963e-17 0.236430003937542 0.1333604460312396 -9.563717359129213e-15 7.472942687318628e-15 0.21229818711538231 0.9400651002816075
1.000000020757936 0.1497435381977035 -2.4546674415178056e-14 2.3632857045470456e-14 -3.130666500373542e-8 0.13549920057931134 1.1484830942942546e-14 -7.94026672444928e-15 -7.26455940979238e-15 -5.119777046900914e-15 0.19725396821037217 0.15194562707913423 -1.3019789733455756e-14 1.5243243915359478e-14 0.3127077518323173 0.891510471556513
1.000000047444658 0.17173897361395232 -1.3785947159212085e-14 2.4201332689511066e-14 -4.285552416770145e-8 0.0964371156653935 7.770815050281587e-15 -2.9371531675540794e-15 -9.807577816266484e-15 4.386466842737461e-15 0.18420703536163183 0.15974439124601497 -1.75823766282012e-14 2.570910307074392e-14 0.4094883098832305 0.8321829215390357
1.000000057855048 0.18564666168205074 1.996071026245182e-14 4.351327884398425e-14 -5.4146280567493305e-8 0.07133695220724197 4.403745137368907e-14 5.3587052977585813e-14 -1.664034994305246e-14 8.063399318692268e-15 0.1847649893591746 0.15919637697038916 -3.811036881621129e-14 2.8616577192631465e-14 0.4979593912277722 0.7649630110544944
1.0000000593687404 0.19413958952708468 6.982862352685502e-14 7.17845682952704e-14 -6.892043300072053e-8 0.054621793453372355 2.142059050776841e-13 2.772852851778302e-13 -1.1429260178028787e-14 2.0105950774834213e-14 0.19211459585309534 0.15226980803638196 2.1723395457638862e-14 1.5227323026758526e-14 0.5764618487887166 0.6918759986442455
1.0000000565664406 0.19918139106107619 5.043313499143983e-14 5.4229253684778643e-14 -9.249660430227848e-8 0.04313465564870753 5.222733315163902e-13 5.835451426660843e-13 2.2694479239301142e-14 3.6581328175164236e-14 0.20242448359047185 0.14048045845365517 4.0160648493006075e-14 1.0467653922172136e-14 0.6446757278342792 0.6142730161281267
1.0000000570088348 0.2020762411333517 -5.1010617957782794e-14 2.3152047223205046e-14 -1.248528441583895e-7 0.03500597944534068 2.440160132308891e-13 3.6903369253826725e-13 -9.525787077222136e-14 -7.209346107163575e-14 0.21348160984198977 0.12498135080464222 -3.9296339862499153e-13 7.212589730965147e-14 0.7027594665599111 0.5330955132206665
1.0000000560890565 0.20365465680972109 -9.513964571292047e-14 9.154219622797925e-14 -1.5657758385352007e-7 0.02909180859972867 2.399987300210973e-13 7.304432719159301e-13 -1.702737541420137e-13 -3.5508932436187026e-13 0.22397925741759755 0.10665376926992896 -2.4157431068730817e-13 4.0776690278033904e-13 0.7509809110039585 0.4490744993882844
1.0000000501758939 0.20443566691799667 2.835533297726908e-11 -3.620361206693537e-11 -1.841864641479189e-7 0.024673851214134984 6.31400059584698e-12 4.408390805426095e-11 -4.0478713065083054e-11 6.29875308662133e-11 0.23313099512778984 0.08618364889660193 -4.269735510574203e-12 -5.822896271188763e-12 0.7895865485981465 0.36285402210249074
1.000000041262864 0.20474063250894234 1.4526159930029507e-10 -4.021752891869085e-10 -2.1022296677073966e-7 0.021290781484632277 1.1773043264677816e-10 -1.7542617063434812e-10 -6.772014882741261e-10 3.876973204138362e-9 0.24045640619182373 0.06412032280796123 -2.967256836393986e-10 8.438198988071327e-9 0.8187736460753354 0.27505922639009783
1.0000000265642568 0.2047672881199247 -9.205964757100046e-10 6.473179276023916e-9 -2.3093027576085927e-7 0.018640239634991534 -2.51538344156873e-10 1.6489120719373684e-9 -1.3519209775873152e-9 1.2834417040810193e-8 0.24566044272254908 0.040919411929422576 1.918405836756297e-10 -5.162574431440179e-9 0.8387015932752173 0.1863293596135367
1.0000000076271602 0.20463666174179523 -2.2015092972013928e-9 1.6127393831513655e-8 -2.4887219345955385e-7 0.01651997531274283 -3.212659952725044e-10 2.661616593814895e-9 -1.5596500721175433e-9 1.4296293989522883e-8 0.24856498477837952 0.016972850599342483 -2.503259907001104e-11 -6.051534669987257e-9 0.8495146897734636 0.09732975215678012
0.9999999847310176 0.20442237305255484 -2.3326850673347305e-9 1.645694343243722e-8 -2.617443630243974e-7 0.014792006359502645 -6.920132652197849e-10 3.6189707824104963e-9 -1.9364787571729533e-9 1.4871521283057747e-8 0.24906984037212848 -0.007370872911317878 -3.1707750805151483e-10 -2.266131848103313e-9 0.8513649896430182 0.008752104055406414
0.9999999568005339 0.2041688163528534 -2.550506646869233e-9 1.3514238483369455e-8 -2.7270413303923384e-7 0.013360331161790598 -9.608162596247058e-10 4.185111949358919e-9 -1.979860913713816e-9 1.2405556814054635e-8 0.24713042877639324 -0.0317937163277114 -4.4971971756540063e-10 6.145332249598454e-9 0.8444312692929352 -0.07869177410483826
0.9999999251921419 0.20390245976248628 -3.3544508363606697e-9 1.0284949871128447e-8 -2.8276059501266114e-7 0.01215684446799571 -6.766569611937251e-10 4.862374328764812e-9 -1.957442078743412e-9 6.604462346252851e-9 0.2427448430954925 -0.056000208061709925 -3.046215486980332e-11 1.7588022343402366e-8 0.8289331673654072 -0.16427884291844877
0.9999998895698372 0.20363860296678923 -5.486254323207667e-9 3.239154497482845e-9 -2.930085542836936e-7 0.01113233115273203 1.6817344598066748e-10 8.064292670099956e-9 -1.9154287942829167e-9 6.399584278706884e-9 0.23594617317478692 -0.07971285262579514 6.426419172460059e-10 2.2857301510019837e-8 0.8051409156361039 -0.2472852156319258
0.9999998511655198 0.20338577678698108 -6.923050562517459e-9 1.3421235109923566e-9 -3.007318909822978e-7 0.010250446428201504 3.7034366202159856e-10 4.713040162581802e-9 -2.2333407669515148e-9 1.2252210341706215e-8 0.22679772820490382 -0.10266992923475825 5.510180562417273e-11 2.8437771252814754e-8 0.7733813414023331 -0.32699644751144075
0.9999998086622727 0.20314852336799408 -3.559611089926281e-9 7.601569277029918e-9 -3.062690806155921e-7 0.009483986419558254 1.1555217646336974e-9 3.01782908611584e-9 -2.7546624010311125e-9 1.1296964668108553e-8 0.21538979651716478 -0.1246248388601241 6.146877090269808e-10 1.1220229520340109e-8 0.7340409352788109 -0.4027174603841046
0.9999997593708695 0.20292882143670415 2.3077598144541303e-9 1.6738669739292473e-8 -3.0959707972923095e-7 0.00881214576323694 -2.1654713964160132e-10 -4.253433249244661e-10 -3.195011037203458e-9 9.200258205324051e-9 0.2018372472975423 -0.14534625969107728 -9.077844101238268e-11 -8.86945736645207e-9 0.6875665015636934 -0.47378192606858904
0.9999997099339673 0.2027269999728049 -1.055672089749265e-9 1.3295907545898744e-8 -3.1467267824528234e-7 0.008218824382658835 -1.486679033367655e-10 -1.4222578449853757e-9 -3.468093620173453e-9 1.0484161210673085e-8 0.18627747212283455 -0.16461898318122936 2.1365402135813927e-12 -3.944875402500022e-9 0.6344639819722947 -0.5395608595161057
0.9999996536266508 0.20254258628707641 -6.9573891162845416e-9 7.452807164604667e-9 -3.1960391128185395e-7 0.007691388660581708 -4.059122620245485e-9 -4.486377321473278e-9 -3.4984360426375683e-9 8.148401207186749e-9 0.16886850518536198 -0.18224501793148618 2.0070191557874797e-10 -3.9303148477412524e-10 0.5752958727820532 -0.5994703562511416
0.9999995995382575 0.20237463301757475 -1.3074854251821283e-8 2.218605892269827e-9 -3.264264846518209e-7 0.00721979779153834 -1.0317912316424449e-8 -9.664553493529313e-9 -2.185217866169019e-9 2.1484276681307943e-9 0.14978704831745424 -0.1980448514537623 1.5095385649880165e-9 2.720574205553909e-9 0.5106773563019946 -0.6529787472905852
0.9999995421910503 0.20222216669136614 -2.7868074342619628e-8 -8.97784763860563e-9 -3.336798929163933e-7 0.006795886880943335 -9.48359417138554e-9 -1.0425454525827014e-8 -2.5003781029803493e-9 2.7200532551376313e-9 0.12922655635860456 -0.21185879981515332 8.517341559930179e-10 3.4955629287830414e-8 0.4412713422748301 -0.6996128859073656
0.9999994846151161 0.20208396010205204 -1.7284011294887292e-8 -4.905569863999481e-9 -3.451660224475674e-7 0.006413010055037113 4.105647575293947e-10 -4.328121389033562e-9 -2.9075000096036775e-9 4.217754365362557e-9 0.10739514127512115 -0.22354821545976805 -6.378383197506045e-11 4.3675888262512786e-8 0.3677829700006654 -0.7389635143592335
0.9999994236411629 0.20195885750902592 -3.46163668935648e-10 3.205812794303099e-9 -3.574265365497576e-7 0.006065693002564448 1.1520311874672218e-8 -9.699053016461913e-10 -3.542622311472958e-9 1.7456127922396696e-9 0.08451334883695714 -0.2329966267890582 -5.201659385972909e-10 3.267329999345151e-8 0.29095331755301773 -0.7706899199852093
0.9999993629158499 0.20184567390891794 3.195100205860472e-9 7.836886432768129e-9 -3.6928754476895475e-7 0.005749400004293898 8.845753237733246e-9 -2.4289437967519075e-9 -4.374922702443336e-9 7.375418724573853e-9 0.06081192695716167 -0.240110680832698 -7.343165154266204e-10 3.867005461295657e-8 0.21155255111552074 -0.7945237687596151
0.9999992967982878 0.20174333514541726 -1.5801151777354537e-8 4.8261663665857825e-9 -3.803274979497498e-7 0.0054603148646703665 -3.0805716467014504e-10 -3.766241514539517e-9 -4.604690375969433e-9 8.368572846531101e-9 0.03652947289502519 -0.24482091984595908 -6.563492188765799e-10 4.4979375117498616e-8 0.13037282280622525 -0.8102720566098504
0.9999992304799712 0.2016509094313871 -3.876409218753067e-8 5.305803176867519e-9 -3.905860680775759e-7 0.00519521125354956 -2.203405595097263e-9 -3.992447886824027e-9 -4.618640194419162e-9 5.769013198712632e-9 0.011909987310830353 -0.2470823383103768 -3.0843176984283275e-10 3.3264412526137213e-8 0.04822068661261181 -0.817819276646722
0.9999991645408439 0.201567456470463 -6.689903528542742e-8 6.872412585385307e-9 -4.03544807277678e-7 0.0049513422086427126 -3.862163817141505e-9 -3.733340516948382e-9 -5.657888558636123e-9 4.771679773881119e-9 -0.012799518543099969 -0.2468747261756427 -9.347289729718805e-11 3.3893479403066393e-8 -0.03409042672886579 -0.8171287285889058
0.999999097569762 0.20149207918922932 -8.392904701971143e-8 8.711863852222359e-9 -4.148400957301228e-7 0.0047263815442395146 -4.147419806906424e-9 -2.406051916152088e-9 -5.446910059813661e-9 2.7888298056291213e-9 -0.03735153503444157 -0.2442027727719232 2.542011498356494e-10 2.894189775311566e-8 -0.11574801590932593 -0.8082430268496991
0.9999990281705238 0.20142399885920448 -8.650660567138194e-8 8.079910503932688e-9 -4.2647400034364003e-7 0.004518332537310323 -2.2863590771689686e-10 -3.230318392351608e-9 -4.591011155698381e-9 1.2328862737653419e-9 -0.061500524966098716 -0.23909593427870793 -1.0182001230885516e-9 2.727175293654759e-8 -0.19594838132298947 -0.7912838013225243
0.9999989615101971 0.20136258857878317 -9.195134904789397e-8 1.0389270043148642e-8 -4.3611973821883575e-7 0.004325431698193359 4.240611789041518e-9 -3.6897419611992355e-9 -4.140202035858665e-9 -6.151557443589724e-10 -0.0850053903248621 -0.23160809068720273 -1.5342701500835328e-9 1.6008318389957044e-8 -0.2739045304388118 -0.7664504706087516
0.9999988890177846 0.20130730682446327 -9.757865056110001e-8 1.3422730848202728e-8 -4.4660196945051113e-7 0.004146138601951563 -3.0496773893303153e-9 -1.1618146174392763e-9 -2.0269854924430343e-9 -3.6729366992725804e-9 -0.10763187616204808 -0.22181689088040518 -2.6437621153014598e-9 -5.863743173355807e-9 -0.3488537231233703 -0.7340183859460218
0.9999988150465822 0.20125758845111166 -1.3365892580788455e-7 3.377276165142847e-8 -4.5425654527074445e-7 0.0039791541154994454 -1.662480396747863e-8 6.7842850781909055e-9 -1.0835103119219763e-9 -6.6927839665204865e-9 -0.12915483276829992 -0.20982297173710535 -3.528483432352822e-9 -1.5004897192643312e-8 -0.42006461411977347 -0.6943360793706732
0.9999987433262828 0.20121285965344338 -1.614645731750472e-7 5.2137778737900166e-8 -4.612232326459967e-7 0.003823337181392952 -2.0886171695670923e-8 1.1048155585246821e-8 -8.485220620683161e-10 -1.1573795106458869e-8 -0.14936048954184322 -0.19574889496994152 -4.216060669868037e-9 -2.8773820587557158e-8 -0.48684445339215177 -0.647821909960848
0.9999986721956045 0.20117273248780146 -1.5563772850513577e-7 5.223413974385849e-8 -4.6621304496503016e-7 0.0036776466796550854 -2.138046983766932e-8 8.21853926412789e-9 -1.1097745266469453e-9 -1.4701333400369387e-8 -0.16804855466305696 -0.17973785304550743 -2.431163377206897e-9 -3.0628621764839455e-8 -0.5485458469898619 -0.5949598686590688
0.9999986018973634 0.20113679689315592 -1.4774134866329778e-7 4.505137609278653e-8 -4.68136694575991e-7 0.0035411540685958125 -2.2323959892446862e-8 2.7545498718346144e-9 -3.082556621573344e-10 -1.7874497011434986e-8 -0.18503422586468687 -0.1619521968475316 -1.1912547633520734e-9 -2.971665562127171e-8 -0.6045730278778667 -0.5362947281332378
0.9999985316460775 0.2011046824373225 -1.41865501953741e-7 3.153030907129891e-8 -4.7022847640737856e-7 0.003413061310619634 -1.9439796947719947e-8 5.870832560897357e-9 3.559677994608452e-10 -2.6498463674361455e-8 -0.20014994830122604 -0.14257182045692468 2.1075447073735146e-12 -4.667761004087139e-8 -0.6543874614379085 -0.4724267793975601
0.9999984605449733 0.20107605346157392 -1.2955536897519277e-7 1.2999547492738236e-8 -4.7165160713893545e-7 0.00329267658916156 -1.974108706084189e-8 7.742827522181468e-9 -1.942858496083739e-10 -3.837198594799833e-8 -0.21324708447703056 -0.12179231500388099 1.172937668644469e-9 -7.137780678858005e-8 -0.6975130835469878 -0.4040059068829799
0.9999983957827717 0.20105069716645757 -1.2624747669065866e-7 7.207870116650138e-9 -4.794946409595984e-7 0.0031793649332176347 -2.396571196012466e-8 1.4452340226552409e-8 -2.006841632255022e-9 -4.3605393917780496e-8 -0.22419738305429593 -0.09982295787247275 1.8927681733204306e-9 -9.900314643965746e-8 -0.7335409418491864 -0.3317249773927432
0.9999983325266045 0.20102827442901078 -1.3035606195556464e-7 1.764013773240812e-8 -4.847277755559062e-7 0.003072549976815027 -2.123443619676174e-8 -1.0434927896899114e-9 -3.53169701665847e-9 -4.674587025831671e-8 -0.2328942053185496 -0.07688463568960942 2.469521028202973e-9 -1.0643884420575781e-7 -0.7621330159834286 -0.2563131259791618
0.9999982707554771 0.2010086115065635 -1.3170792641368793e-7 2.0054548967841668e-8 -4.859517640658071e-7 0.0029717018361993656 -1.7622119824152885e-8 -1.9998546139227137e-8 -4.404774273250801e-9 -5.441464656017447e-8 -0.23925355553022304 -0.05320762613981826 -1.1836088673043912e-9 -1.1984802731922718e-7 -0.7830254037342248 -0.17852854775059207
0.9999982076558196 0.20099130169805274 -1.288718783743051e-7 4.238717647464463e-9 -4.862547226639927e-7 0.002876354288949961 -2.045179331273652e-8 -1.882055586048112e-8 -9.049649573312193e-9 -6.659447597498623e-8 -0.24321487402016057 -0.029029296010971727 -5.109558440760837e-9 -1.8799670694379148e-7 -0.7960308193935115 -0.09915104062910945
0.9999981408121565 0.20097614714181203 -1.2774726044043114e-7 -2.4785836009996794e-8 -4.807344104722834e-7 0.0027861043935752967 -2.415595940758218e-8 -4.0814178347724274e-9 -1.1700734892145923e-8 -5.8250137127662526e-8 -0.24474163291207046 -0.004591699485829167 -9.71176099346903e-9 -1.8150319610668997e-7 -0.801040294844261 -0.018974294434590755
0.9999980689658207 0.20096301814653253 -1.287203885573326e-7 -6.174608597015783e-8 -4.6966169676382493e-7 0.0027005691387129668 -2.328083153506139e-8 1.1348398182944017e-8 -1.3870976481991394e-8 -4.887275975478697e-8 -0.2438216538197832 0.019860828209514694 -1.2501974833154984e-8 -1.4875412011628248e-7 -0.798024178145567 0.06120201990908912
0.9999979912400019 0.20095189465844251 -1.304274847827005e-7 -6.620449757046034e-8 -4.553915711540277e-7 0.0026194065070445087 -2.149297547588887e-8 2.407192309589925e-8 -1.4923491371651268e-8 -4.349437071231903e-8 -0.24046719535692457 0.044084158776475625 -1.92582374117536e-8 -1.3672951133586374e-7 -0.7870321971481959 0.14058012282636131
0.9999979127049767 0.20094253395841466 -1.21322768801169e-7 -2.7334606257408128e-8 -4.3550327153693647e-7 0.0025423124927754065 -1.8940190508803067e-8 3.4542644895480095e-8 -1.3596657347802127e-8 -4.7770445417629426e-8 -0.23471478770475887 0.06783676662483214 -2.466622803516958e-8 -1.4639832849942848e-7 -0.7681928731907814 0.21837198874366787
0.9999978327258838 0.2009347828300373 -1.0400393129799139e-7 1.8598440413667542e-8 -4.162922650664091e-7 0.002469011046306765 -1.639536277667009e-8 4.324335824639367e-8 -1.1860679284089027e-8 -5.153873307242786e-8 -0.22662485033416557 0.09088206140180242 -2.7008323246613067e-8 -1.4256592466488674e-7 -0.7417121406878893 0.2938069280461084
0.9999977450917458 0.20092852836043387 -8.814466593125322e-8 5.5289374342905764e-8 -3.906029868480877e-7 0.002399229976212885 -1.2812505852444209e-8 5.358265899190862e-8 -8.226500340979182e-9 -5.422857888228374e-8 -0.21628104855348307 0.11299088381083391 -2.7777064895849857e-8 -1.3366203276638051e-7 -0.7078711179446928 0.36613933102444995
0.999997648883906 0.2009235662707336 -7.879941346129734e-8 7.002731747177695e-8 -3.628847909675996e-7 0.0023327363200278577 -7.405792726948467e-9 6.225296517039121e-8 -3.935609766857942e-9 -6.929293873993754e-8 -0.20378943819231948 0.13394365124385837 -2.780859481986959e-8 -1.549477278242405e-7 -0.6670232886722344 0.43465586048251814
0.9999975517769621 0.20091983285987264 -6.151486197630491e-8 9.150489009202488e-8 -3.402589381460332e-7 0.0022693253117819054 -4.960612463287768e-9 6.805654773852637e-8 -3.415679923522355e-9 -9.259522220257907e-8 -0.18927733371832128 0.15353264667460229 -2.6997536364037726e-8 -2.1388750514810675e-7 -0.6195907581248022 0.498682608686653
0.9999974588290885 0.2009171712302112 -3.8857651003689776e-8 1.1010571875556135e-7 -3.209031219109204e-7 0.002208814694870768 -1.2999547802634632e-8 6.703447842791733e-8 -3.5440238076812516e-9 -1.0653274225974565e-7 -0.17289209233456723 0.1715639892893238 -2.5518959095835235e-8 -2.713156604996821e-7 -0.5660601458262305 0.5575914365923682
0.9999973689886876 0.20091561436132305 -1.1219854337180057e-9 1.467794614419581e-7 -2.9576132789221865e-7 0.0021510290259769004 -1.9417117906334593e-8 5.78995584295889e-8 -5.307060333107684e-9 -1.1416623771038327e-7 -0.15479955798106504 0.1878595522690381 -2.2819827847292744e-8 -3.00688569063406e-7 -0.5069775301758926 0.6108062878017928
0.999997283231865 0.20091504768847734 4.387724122591704e-8 1.8429817892723303e-7 -2.6534213907271756e-7 0.0020957903370453505 -1.3188296135804397e-8 6.055992201102272e-8 -7.875300947297709e-9 -1.1851030982696417e-7 -0.13518241263672295 0.20225874739415528 -2.3374219733421525e-8 -2.714488725968132e-7 -0.44294302413630887 0.6578087421033247
0.9999971962099979 0.20091535512513534 8.077769194734067e-8 2.068855187950559e-7 -2.3034226841954146e-7 0.002042942839597746 6.829889050516913e-9 7.048897747951063e-8 -1.1950168574701078e-8 -1.2847446964550276e-7 -0.11423835435483783 0.2146201260644405 -1.869816212893297e-8 -2.833640841302846e-7 -0.3746047148504584 0.6981430416031638
0.9999971077707891 0.20091654487086313 8.953475596050394e-8 2.164445476124493e-7 -1.9118162746277184e-7 0.001992326709694481 2.8876597573941854e-8 7.675555631832076e-8 -1.293071568889242e-8 -1.2714968157165754e-7 -0.09217806192366129 0.22482273463802258 -1.842252494639221e-8 -3.117341888385458e-7 -0.3026521566302739 0.7314205165084694
0.9999970160039849 0.2009185393994268 8.237466516619367e-8 2.199078377264927e-7 -1.4960284770796842e-7 0.0019438243287038769 4.7057794286198434e-8 7.9397595806596e-8 -1.2524988197698703e-8 -1.446841888844016e-7 -0.06922308010144457 0.23276728624750698 -2.3114710652669054e-8 -3.626009408248339e-7 -0.227809466842281 0.7573233376299005
0.9999969167541186 0.2009212336571802 5.2970851597450944e-8 2.1729784171498305e-7 -9.823714086903336e-8 0.0018973068128571133 6.568142286896595e-8 8.011293559824972e-8 -6.238613671831368e-9 -1.5644830202577906e-7 -0.045603617630991376 0.23837714502784743 -2.8809902625035882e-8 -3.41139195767978e-7 -0.1508281178093639 0.7756075026350914
0.9999968147477819 0.20092460625423184 4.398221818836461e-8 2.238748341835715e-7 -4.7049927163916566e-8 0.0018526696715718128 7.244707155367541e-8 8.014688545070085e-8 -1.602357502937543e-8 -1.2203325327071386e-7 -0.021556226918455122 0.24159909252576514 -2.8521746122385138e-8 -3.1685658977254377e-7 -0.07247938667492276 0.7861051651073555
0.9999967106833989 0.20092865065218424 4.6089037374168233e-8 2.2563189285762885e-7 5.700533437435671e-9 0.0018098016978092466 7.906448364534003e-8 8.213769174601035e-8 -9.045027274023137e-9 -1.2894545637036064e-7 0.0026785534340049624 0.24240371775312536 -3.336620574272088e-8 -3.3621602873875394e-7 0.006453241475349389 0.7887261523354533
0.999996606971344 0.20093332490542562 3.321363242273715e-8 2.2860078544408197e-7 5.8721943360885865e-8 0.001768597414018032 7.696362832068424e-8 8.590698475327826e-8 -9.942998324762023e-9 -1.3225762499087106e-7 0.02685856641548154 0.24078581335876914 -3.6937896315911634e-8 -3.3504607151406886e-7 0.0851818690976378 0.7834586907351619
0.999996503484337 0.2009384650359419 1.188571773094153e-8 2.322255601194683e-7 1.1479634850607538e-7 0.001728977027606051 7.290744820256217e-8 8.990557433438579e-8 -1.3364241735718316e-8 -1.124068206712726e-7 0.05074247675540229 0.23676433635239041 -3.6771594907560575e-8 -2.975874741691758e-7 0.16292184539511012 0.7703694820938505
0.9999963931838045 0.20094412927928626 6.524601172474874e-9 2.356535075305233e-7 1.7618693773228984e-7 0.00169086430065677 7.808882905985661e-8 8.821055989356905e-8 -7.15778960416071e-9 -9.45097585387687e-8 0.0740921832420405 0.2303822061676331 -3.5822711233725546e-8 -2.498347817552443e-7 0.23889984528571354 0.7496028821589455
0.9999962847427982 0.2009503240151646 1.6487117829790495e-8 2.3297568519008436e-7 2.4072188149394106e-7 0.0016541646274852823 8.295469296659705e-8 8.833818315560622e-8 -9.291033261470093e-9 -7.467207485091281e-8 0.09667524503951797 0.2217058203811942 -3.272782024236214e-8 -2.3292953543622648e-7 0.31236137294593447 0.7213793471672167
0.9999961833830896 0.20095695820204387 5.346957783852993e-8 2.1562535909263807e-7 3.151757158524308e-7 0.0016188048666897284 8.906490656925346e-8 8.489812978316956e-8 -1.361849372179561e-9 -8.179768028562893e-8 0.11826706403592244 0.21082436956795422 -3.2116740762273244e-8 -2.1236414572151379e-7 0.3825783761632193 0.6859930688223511
0.9999960798707174 0.2009638864482596 7.748997656842116e-8 2.0127577335380937e-7 3.9303938297061327e-7 0.0015847353847522516 9.623954763130733e-8 7.798921133022018e-8 4.347874094068561e-9 -6.956562236028501e-8 0.13865319263719839 0.197849008322669 -3.0665072525627037e-8 -2.0263407310557047e-7 0.4488560754803276 0.6438090661804775
0.9999959761755328 0.2009711478042806 1.0734761279322612e-7 1.797470543327632e-7 4.7432745474738817e-7 0.0015518851583939425 1.062908904081419e-7 6.969889187913818e-8 5.110459183645175e-9 -7.840760724915777e-8 0.15763145824187086 0.18291162790860524 -2.7172443789879613e-8 -2.1377278220884259e-7 0.5105400072314384 0.5952594356189101
0.9999958678176107 0.2009787924292861 1.0346565851358966e-7 1.859557838161081e-7 5.634949493601711e-7 0.0015201744378530535 1.1765384027424738e-7 6.081764119271401e-8 1.9884617854374416e-9 -6.764221197284158e-8 0.17501401079470097 0.1661635166822735 -2.1442711911282176e-8 -2.082543150867095e-7 0.567022640458158 0.5408387947090908
0.9999957618702259 0.20098675596780496 1.0056509536039124e-7 1.913195720417742e-7 6.64590387977939e-7 0.0014895461428787822 1.2856099617652531e-7 4.877789341564322e-8 9.922223880992883e-9 -6.418355246067485e-8 0.19062905023021917 0.14777388977461026 -2.3551133188172674e-8 -1.570736859384742e-7 0.6177491748227303 0.48109936948457277
0.999995644727419 0.200995020810109 8.772431639290384e-8 2.117691480621799e-7 7.527182954520814e-7 0.0014599677736908847 1.377959374279408e-7 3.784284968620888e-8 1.2580304626387828e-8 -4.4924450776725563e-8 0.20432265179814108 0.12792814237570055 -2.2749381823667073e-8 -7.697760623630899e-8 0.6622228194520248 0.4166455927509112
0.999995534063396 0.20100350860245897 7.80972192824504e-8 2.2871923268890856e-7 8.571970939976772e-7 0.001431381634395033 1.4747772203558308e-7 2.2617603246480864e-8 1.2221096049515003e-8 -2.4201530143572756e-8 0.21596020854324952 0.10682599933727763 -1.9414193758015627e-8 -2.127186486187953e-8 0.7000098739097105 0.34812781779139035
0.9999954233457938 0.20101220113194865 7.377157669124386e-8 2.3922569408296926e-7 9.636666450855442e-7 0.0014037383951741513 1.54985638251764e-7 1.7008080827493262e-8 1.0567210539624923e-8 -2.9370669803073587e-8 0.22542777248241655 0.08467948230321326 -1.8653173662822188e-8 -9.598309095584283e-9 0.7307438705526748 0.27623584799418627
0.9999953086645905 0.20102109201627366 7.75528392918467e-8 2.2095229143559697e-7 1.0835014414937337e-6 0.001377008427903327 1.621534952416355e-7 1.155697445054541e-8 1.0407837054327337e-8 -2.45493061365839e-8 0.23263318096309976 0.06171084568243933 -1.4630795636749227e-8 6.349193237968964e-9 0.7541291140935374 0.20169209051828804
0.9999952033812979 0.2010301725432982 7.956939834463884e-8 1.9465644929164735e-7 1.2003358043536666e-6 0.0013511492637101996 1.6704284973446545e-7 -6.984445658951864e-9 1.4216837258680863e-8 -3.761786223405926e-8 0.23750695812127337 0.038150279598694624 -1.3792030331277138e-8 1.7425802600978988e-8 0.7699435540814533 0.12524416241254882
0.9999950907868315 0.20103941222113983 7.972971065887642e-8 1.7837020121170166e-7 1.3185638933983185e-6 0.0013261102654982357 1.7478632297107403e-7 -3.017649236050244e-8 1.8122872273587243e-8 -4.352620039478375e-8 0.24000293409706014 0.014233590941213042 -1.5014120419766834e-8 3.6687708326924744e-8 0.7780408537567105 0.047657602952450404
0.9999949686538737 0.20104882091339088 7.935264931704738e-8 1.6792356744970184e-7 1.4416891056223942e-6 0.001301861366978862 1.8302392046056332e-7 -5.417181346869063e-8 2.409508968405673e-8 -3.372658775434218e-8 0.24009870150903606 -0.009800061846537986 -1.5872943173254075e-8 1.1392445939374534e-7 0.7783517342392449 -0.030291934829711164
0.9999948468435086 0.2010584345660177 7.006206936186631e-8 1.279042261348734e-7 1.5837092127185844e-6 0.0012783607721044375 1.862837695269216e-7 -7.2298099269616e-8 2.381205249848291e-8 2.137978946796278e-9 0.23779583086678774 -0.03371062402973028 -7.709237870156784e-9 1.8540811158092116e-7 0.770884565382997 -0.10782627461435833
0.9999947169259135 0.20106818727971568 6.086959766376536e-8 9.034687715013573e-8 1.7134759387402741e-6 0.00125559466924438 1.8868130433327696e-7 -9.596764258666198e-8 2.020591544563292e-8 1.7997817850367145e-8 0.2331198578739328 -0.05725947618890781 -2.073985037916243e-9 2.448946687334457e-7 0.7557251702335503 -0.18417244108719447
0.9999945849311431 0.2010780325507308 4.7004676699485035e-8 5.81762557940374e-8 1.8539477653592139e-6 0.0012335098717843605 1.9020454049564657e-7 -1.1761764018794603e-7 1.6196231145105273e-8 2.5808636722466806e-8 0.22611990749678407 -0.08021193678633112 5.5629608927446945e-9 2.844651724382999e-7 0.73303587344903 -0.25857043109312067
0.9999944561282154 0.2010880060634609 5.063552955744988e-9 -3.2583823739281993e-9 2.0073942804174933e-6 0.0012120674748906796 1.875964525972333e-7 -1.4079018608441545e-7 1.8270076338710538e-8 5.228092567283695e-9 0.2168682820334159 -0.10233946885224339 1.8602213553697426e-8 2.647055116286042e-7 0.7030538044171613 -0.33028071230509604
0.999994317571444 0.20109810287734708 -2.6407055049424492e-8 -4.244256346569136e-8 2.1530900748551958e-6 0.0011912708487330068 1.8697958703183333e-7 -1.5260387296352067e-7 4.664627021476698e-9 -2.12816781079559e-8 0.20545970314817832 -0.12342195882995344 2.6269970697928527e-8 2.0109359275852247e-7 0.666088367571622 -0.3985915887838959
0.9999941836761548 0.20110827978554685 -4.885202571490919e-8 -6.283498356825198e-8 2.3089179168510667e-6 0.001171071071948199 1.8497754061685087e-7 -1.636537535275344e-7 -1.0444025620370076e-9 -3.84903778424433e-8 0.1920102524874261 -0.14325000465377036 3.7858872743255616e-8 1.696677905567693e-7 0.6225181426662794 -0.4628261984318093
0.9999940647217496 0.2011185391338512 -5.698450185941842e-8 -5.678695496524869e-8 2.4716578928557173e-6 0.001151461026483467 1.8780488495656355e-7 -1.646046932369723e-7 -1.5228915872362554e-8 -4.664677503746397e-8 0.1766563043793385 -0.1616269225117919 4.762448804286941e-8 1.0181060285265309e-7 0.5727869866408551 -0.522349240573953
0.9999939290422077 0.20112892176385203 -6.864136891555804e-8 -5.823446418336338e-8 2.6434057357311437e-6 0.0011323944129345669 2.0086562630148982e-7 -1.637270440739748e-7 -1.597348436683926e-8 -7.291594975648294e-8 0.15955309618549549 -0.17837072040343177 5.988225811164041e-8 6.599025110681041e-8 0.5173995326406644 -0.5765732278542396
0.9999937837722274 0.20113931308881408 -6.968956947197098e-8 -5.1822660946595884e-8 2.8141834377098107e-6 0.0011138736423904967 2.0945494812461513e-7 -1.7009859711761604e-7 -1.2594939806484109e-8 -9.363837704149921e-8 0.14087315462357555 -0.19331587425649382 7.74116073219311e-8 8.586448261918486e-8 0.4569161669992308 -0.6249642042054646
0.9999936374506451 0.2011496834796 -6.156920661168468e-8 -3.397243853668329e-8 2.9817694872477435e-6 0.0010958868826855075 2.1807263031894084e-7 -1.7587995831746233e-7 -8.39851059176604e-9 -9.6931461325202e-8 0.12080457348297294 -0.20631497646274605 8.870626023535905e-8 1.3846107085661196e-7 0.3919473107923353 -0.6670470605909771
0.999993484605197 0.20116011267396322 -5.651703615163612e-8 -1.3420310344913566e-8 3.1564274078828306e-6 0.001078394443616346 2.2823721066899435e-7 -1.7961131487788486e-7 -8.830877871647442e-9 -9.794225514324022e-8 0.0995490866944958 -0.2172401806931389 9.931662709963291e-8 1.6859872641344676e-7 0.3231472235563544 -0.7024102379554361
0.9999933386050366 0.2011706423834597 -8.07955697098717e-8 -7.202718261845477e-9 3.3312905541833627e-6 0.0010613855208951616 2.2884352295600103e-7 -1.8806694549623213e-7 -1.1969988525599316e-8 -9.049975700577204e-8 0.0773200961257209 -0.225984460682693 1.1342529614821701e-7 1.5085960302057163e-7 0.25120748564113604 -0.7307096842346734
0.999993206269222 0.20118123137195418 -1.1874617253163458e-7 -2.2476687503605134e-9 3.5196343684066638e-6 0.0010448229082187367 2.2701395849250922e-7 -1.9817452042062033e-7 -1.4458808988121305e-8 -8.660587389680597e-8 0.054340490989018164 -0.23246267546745247 1.1878320664014838e-7 1.4230323666810257e-7 0.1768500796529311 -0.7516721806329996
0.9999930683313858 0.20119184651840477 -1.4489548465939253e-7 7.110610843377689e-9 3.712008527090369e-6 0.0010287144253665263 2.2165384160402233e-7 -2.1073962144112332e-7 -1.4179562276151122e-8 -8.189289293571244e-8 0.030840431647534097 -0.23661236151939846 1.2157490768034968e-7 1.5899925847910424e-7 0.10082019624913204 -0.765097973602386
0.9999929357075629 0.20120255032522438 -1.7622454439861581e-7 2.2288059846656156e-8 3.906088949138108e-6 0.0010130251850288406 2.1207550178756188e-7 -2.1971861504244815e-7 -1.4235747003669571e-8 -4.917042755010236e-8 0.007055080465631265 -0.2383943588104222 1.2467893645277546e-7 2.15302406526972e-7 0.023878785856094265 -0.7708626888148913
0.999992818008039 0.20121323397422236 -1.9366662403863012e-7 3.9071406874510236e-8 4.118387075117422e-6 0.0009977514657606606 2.0716358071982207e-7 -2.3190471187709674e-7 -1.507749821977358e-8 -4.289406301334631e-8 -0.01677778737214568 -0.23779317160476712 1.2943112162658728e-7 1.924956456932607e-7 -0.053205070862998076 -0.7689185036566188
0.9999926687692496 0.2012239144010136 -1.8264098464196208e-7 4.786024056553849e-8 4.312398624071467e-6 0.000982858352328943 1.9872129211054823e-7 -2.393468729188951e-7 -8.853302710712233e-9 -5.498900484808231e-8 -0.04042014358683796 -0.23481711082052173 1.3113711051766304e-7 1.0828370957481684e-7 -0.12966184911944215 -0.7592945116273614
0.9999925307924444 0.2012346197313319 -1.1671801868150778e-7 3.1754825705809575e-8 4.524315524036723e-6 0.0009683710071405316 1.8927474082530183e-7 -2.5986333385496194e-7 -1.714317713833451e-9 -7.836284299035855e-8 -0.063636151337508 -0.22949816810901522 1.363333339459047e-7 1.0715859120378079e-8 -0.20472930109066495 -0.7420963209821565
0.9999923806890954 0.20124539243853967 -2.8499512429669556e-8 1.6376441466867328e-8 4.727944925184714e-6 0.0009542357302700295 1.867238719418443e-7 -2.709998804788144e-7 1.1000101564113218e-8 -1.092298975342322e-7 -0.08619439316704572 -0.22189170137897876 1.3860201650304606e-7 -8.110006769981557e-8 -0.27765992981111043 -0.7175049260975563
0.9999922415039397 0.20125618195147799 1.8146984002278004e-8 2.9592723757656224e-9 4.947136080734545e-6 0.0009404559804534839 1.877178872735717e-7 -2.920148716107386e-7 1.7307986622513597e-8 -1.180123131433548e-7 -0.10787028802893042 -0.21207580853995556 1.4183067864054526e-7 -1.1496855964547054e-7 -0.34772847959025227 -0.68577480172149
0.9999921218160744 0.20126698868223183 3.473591579020667e-8 2.655616971496374e-9 5.172516504981805e-6 0.0009270107535275955 1.8822916215276045e-7 -3.177667821068536e-7 2.2370433381868324e-8 -1.2063949872750435e-7 -0.12844823606924394 -0.20015059998877496 1.4860493337018738e-7 -1.1990419853576201e-7 -0.4142390635040058 -0.6472313042775414
0.9999919725111981 0.20127777590458332 6.286379079982444e-8 -6.96164644933798e-9 5.391329121709051e-6 0.0009139160993395701 1.8683491524224367e-7 -3.379924675479797e-7 2.4699785795544273e-8 -1.2658042199002035e-7 -0.147723797955904 -0.18623714187020438 1.4992353873572647e-7 -1.4461733246164377e-7 -0.47653210107721833 -0.6022673359019686
0.9999918592090591 0.20128855877711652 1.3501853662002683e-7 -4.525884301377347e-8 5.633662382145285e-6 0.0009011188439568694 1.8219173317276873e-7 -3.5970243452731063e-7 2.634363821252626e-8 -1.2267805935509123e-7 -0.1655057217997613 -0.1704762052140335 1.488196542754831e-7 -1.3993384411883486e-7 -0.5339908346016031 -0.5513393735954678
0.9999917170859558 0.20129931752901126 1.8634516030711487e-7 -8.698390374877199e-8 5.870695594550567e-6 0.0008886617502417264 1.7689306343889535e-7 -3.87483116288551e-7 2.6092429402962075e-8 -1.1120630612811855e-7 -0.18161786818959813 -0.15302687472479518 1.46608209809302e-7 -1.383913235185742e-7 -0.5860475484067376 -0.4949627373841167
0.9999915877269616 0.20131009077012235 2.0335110970743546e-7 -8.326463205429963e-8 6.126848503542217e-6 0.0008764718818329377 1.6922623615810224e-7 -4.209721837912019e-7 2.3972038202109178e-8 -1.0153879004296735e-7 -0.19590088872590505 -0.1340649633581841 1.4702498407943118e-7 -1.4251988829955495e-7 -0.6321889189050913 -0.43370660631870406
0.9999914453677264 0.20132087627874704 2.3103811514189398e-7 -7.989711626533273e-8 6.3747565159117914e-6 0.0008645819040208178 1.6353097305084328e-7 -4.451114775436882e-7 2.2629527871686473e-8 -8.724478098751059e-8 -0.20821384570175508 -0.11378121280862045 1.413833633213727e-7 -1.4385446053560264e-7 -0.6719612444487894 -0.36818811964751014
0.9999913246144848 0.20133158687295274 2.5940138676142746e-7 -1.1607562485963329e-7 6.627161688077081e-6 0.000852988662479172 1.521511744153924e-7 -4.91608919280957e-7 1.6367449620276236e-8 -7.517800059458183e-8 -0.21843560864027922 -0.09237934655619393 1.3799905181705755e-7 -1.5091950804161353e-7 -0.7049749021440859 -0.2990661941108258
0.9999911615969542 0.20134231401773536 2.8834322326173624e-7 -1.210805861536678e-7 6.8925711287736225e-6 0.0008415942654916227 1.3974268990423795e-7 -5.386980677903779e-7 1.4271107876818775e-8 -6.139273258288182e-8 -0.22646603004694835 -0.07007409194930903 1.209763204374625e-7 -1.8131729917445653e-7 -0.7309081216037688 -0.22703491977129478
0.9999909935108711 0.20135301027748903 3.0780063903974986e-7 -1.2104410923868312e-7 7.1414620994112734e-6 0.0008304956677083377 1.1056183527769898e-7 -6.029068604389786e-7 6.144151043759307e-9 -7.644700998514483e-8 -0.23222691153305844 -0.04708900354249025 1.0653501814431868e-7 -2.530193008682703e-7 -0.7495101042189757 -0.15281666504444824
0.999990857480625 0.2013636635876062 3.3606057761830227e-7 -1.344677792858542e-7 7.401590708060229e-6 0.0008196425597007686 8.007627147208612e-8 -6.299991446127132e-7 2.8633091219405834e-9 -6.475697281771116e-8 -0.2356627776124878 -0.023654193199684634 9.820547394675844e-8 -2.774432159086883e-7 -0.7606034307168308 -0.07715468774330213
0.999990728354321 0.2013742153372284 3.4938072414759046e-7 -1.4830283148705509e-7 7.663437369440027e-6 0.0008090333375522044 3.933280082650323e-8 -6.534881379615371e-7 -2.7633687001592155e-9 -5.068738185526296e-8 -0.23674142251803157 -4.052954850018519e-6 9.383408522776375e-8 -2.939091546303297e-7 -0.7640857955398785 -0.0008059235822659826
0.999990573057375 0.2013847769367714 3.665722590752767e-7 -9.020973918090364e-8 7.920021997355889e-6 0.0007986496267176413 4.830459613494815e-9 -6.651955711855674e-7 -9.34523994671994e-9 -5.098796174950876e-8 -0.23545417958511797 0.023625018719484435 8.446777966587291e-8 -3.4039547552992144e-7 -0.7599309120033908 0.07546662288740157
0.9999904246873657 0.20139533928219944 3.8459639394960804e-7 -4.538512294150458e-8 8.182514978272434e-6 0.000788493898570301 -3.680119549400897e-8 -6.75396521470627e-7 -1.342541792071598e-8 -6.752594456874338e-8 -0.2318160123742464 0.046997140223466 8.2142384139044e-8 -3.9537139992772614e-7 -0.7481887109897376 0.1509017276235572
0.9999902778377023 0.20140590208684847 4.0189385590985803e-7 -3.575694274634276e-8 8.451717498981575e-6 0.0007785598774960906 -8.158531480059438e-8 -6.792365061328384e-7 -1.2738237665819014e-8 -7.196377022360665e-8 -0.2258653421615515 0.06987914134258008 7.781479274428637e-8 -4.398208639258547e-7 -0.7289847418258515 0.2247472864428458
0.9999901239152004 0.20141643728289477 4.133443513073763e-7 -5.348625873537477e-8 8.720364075411462e-6 0.0007688364616035071 -1.2471603705773667e-7 -6.792741996233781e-7 -1.0776914388026174e-8 -6.352801114949092e-8 -0.21766362834800845 0.09204296425038234 6.805536020616962e-8 -4.2546729011390653e-7 -0.7025188596364652 0.2962678005684642
0.9999899671598043 0.2014268863692777 4.131094171560227e-7 -1.0508175075978238e-7 8.99084966940337e-6 0.0007593230862064578 -1.6845069020187685e-7 -6.789282442964263e-7 -1.204275618329282e-8 -5.7916186561434786e-8 -0.20729474735497086 0.11326794164278234 6.338710569645842e-8 -4.00678022393462e-7 -0.6690631418451387 0.36475181194879125
0.9999897994945669 0.20143734889657539 4.063870080715707e-7 -1.607855815259593e-7 9.279306379650535e-6 0.0007500095226798388 -2.0662164627134427e-7 -6.728952052049451e-7 -1.2534769251557756e-8 -5.1018402039054654e-8 -0.19486414639724411 0.13334293760008334 6.175483567900751e-8 -3.792828242442525e-7 -0.6289590552635548 0.4295189659408758
0.9999896413852428 0.2014476937600534 3.436002789397091e-7 -2.613854965826991e-7 9.554885894678701e-6 0.0007409286353218748 -2.6544892446275633e-7 -6.751313382474405e-7 -1.1039088626608014e-8 -4.391436102757703e-8 -0.18049772466457364 0.1520685338515794 6.593590143488818e-8 -3.415451338789876e-7 -0.5826140659262472 0.4899266804776417
0.9999894992986059 0.20145797503817484 3.223278113705283e-7 -3.2228938746189454e-7 9.838852621437269e-6 0.0007320045362701101 -3.2665916222598767e-7 -6.7701954559463e-7 -1.3462085641759657e-8 -3.090852724795793e-8 -0.1643406350461979 0.16925888688743315 6.827087463092232e-8 -3.1235118032377374e-7 -0.5304974712223371 0.5453764803810498
0.9999893642412563 0.20146814826386342 3.031175697014812e-7 -3.6915258556448166e-7 1.0114457286272232e-5 0.0007233148961136165 -3.961135502737492e-7 -6.761776178410266e-7 -1.7160755515149744e-8 -3.508765995449858e-8 -0.1465557582427886 0.18474366159829128 7.178344817280098e-8 -3.354284739166454e-7 -0.4731356821691465 0.5953200038900986
0.999989223812793 0.20147836051732193 3.295927420511875e-7 -3.901298072980858e-7 1.0395964818903445e-5 0.0007147985695966269 -4.5840305956670793e-7 -6.70699478031716e-7 -1.643078960175992e-8 -4.172798382765083e-8 -0.12732210290298981 0.19836969159278742 8.052736380848444e-8 -3.586678824717432e-7 -0.41110685819656057 0.6392644245678322
0.9999890818314332 0.20148850231838836 3.276519113862149e-7 -4.191438575305814e-7 1.0677696849566931e-5 0.0007064917614567433 -5.449503152373526e-7 -6.612388545002812e-7 -1.6133187187253593e-8 -1.5929755316444874e-8 -0.1068329575817713 0.21000251252352628 8.910535941333566e-8 -3.002517718909583e-7 -0.3450350982046028 0.6767772728582188
0.9999889362598022 0.20149858606578577 2.606725354555803e-7 -4.7470809226616587e-7 1.0980653288551104e-5 0.0006983072922775263 -6.213631127711217e-7 -6.480178763636973e-7 -1.5396856890706465e-8 8.400976414125925e-9 -0.08529397305858272 0.2195276742111654 9.530364053321361e-8 -2.1821847027339835e-7 -0.27558417962683984 0.7074907184368385
0.9999887930034561 0.2015086192163392 1.5334892316626951e-7 -5.400275684083498e-7 1.1285084351504173e-5 0.0006903196281061902 -7.043255602334872e-7 -6.299309656932185e-7 -1.1522595608388935e-8 7.833096508474943e-9 -0.06292115728499004 0.22685182884830596 1.1037958710974213e-7 -2.2392112129712743e-7 -0.20345100191845256 0.7311050858827891
0.9999886513605136 0.20151865337047722 1.0626869550056263e-7 -5.723798615323078e-7 1.1581207749302438e-5 0.000682532750774965 -7.828784821691235e-7 -5.996638029120723e-7 -1.4604148584526634e-8 8.427457382404105e-9 -0.03993864511268099 0.23190371221081596 1.216921859488876e-7 -2.524336436416492e-7 -0.12935853746043918 0.7473918508292354
0.9999884912591378 0.20152868147685954 9.745209182763358e-8 -5.967712092123751e-7 1.1884593975766115e-5 0.0006748647258253738 -8.592891826822522e-7 -5.618280003283085e-7 -4.239918686516985e-9 -1.3505640437338522e-8 -0.016576413584956765 0.23463477650989323 1.4932117409417562e-7 -3.308189015307639e-7 -0.05404838853629235 0.7561958831578962
0.9999883359421208 0.2015386131006122 1.989494393098044e-8 -6.123250366022394e-7 1.2180300161318764e-5 0.0006673813036815688 -9.343569663421623e-7 -5.219859613999423e-7 1.2071561290594213e-8 -3.895050291719848e-8 0.006931926273892193 0.23501970643630854 1.9253609317893324e-7 -4.1319737852792455e-7 0.02172634631614483 0.7574368385660011
0.9999881734923626 0.2015484585082427 -4.163929009623425e-8 -6.144221679594959e-7 1.2481907992746891e-5 0.0006600109350616747 -1.002864837909991e-6 -4.7198009191271213e-7 1.4623778372783516e-8 -4.9642775810516914e-8 0.030351492555391886 0.23305662227441565 2.0283566909482226e-7 -4.0564169193018487e-7 0.09720862543636839 0.7511098935310538
0.9999880088698796 0.20155826359567505 -1.6232355691847636e-7 -5.9290010125211e-7 1.2773906646574961e-5 0.0006528016206699384 -1.0721684283181025e-6 -4.06332669279107e-7 1.1299771796140394e-8 -3.970431950579965e-8 0.0534485121661481 0.22876706746554365 2.0486265811725904e-7 -3.624392557337936e-7 0.17164518978158905 0.7372857629420878
0.9999878277284211 0.20156797805956697 -2.8084936331087983e-7 -5.627792426970655e-7 1.3065959560403062e-5 0.0006457299414499862 -1.1606344068190388e-6 -3.2995187277563456e-7 1.4080313476364555e-8 -6.30066106105158e-9 0.07599258896390088 0.22219580436546058 2.1755420450282095e-7 -2.57903218006144e-7 0.24429382171791242 0.7161099139537146
0.9999876298944349 0.20157765398161184 -3.4291017561545747e-7 -5.41385770424326e-7 1.3352566753657694e-5 0.0006387793441616026 -1.262606796114846e-6 -2.3296194438589379e-7 3.2336254568160506e-8 -2.902748599283786e-9 0.097759062453319 0.21341032511385793 2.3692588246545327e-7 -2.2915437048641863e-7 0.3144309692516501 0.6878009940751988
0.9999874388847984 0.20158729225587868 -3.7790854306811535e-7 -5.430654982251574e-7 1.3637160666025358e-5 0.0006320002217038156 -1.3439684777494152e-6 -1.3244234373512257e-7 3.439936511184307e-8 1.4310020628846425e-8 0.11853119741117235 0.20250020017972664 2.333745535518637e-7 -1.9943337222156766e-7 0.3813588289621609 0.6526486618094834
0.9999872599974031 0.20159693243470952 -3.8446233589318093e-7 -5.701510188335384e-7 1.3921427541247371e-5 0.0006253311607139458 -1.415854808120836e-6 -2.710462625079427e-8 4.136900080182238e-8 3.227975677977767e-8 0.13810237852363633 0.1895761070562585 2.2966227007569723e-7 -1.6810190528935525e-7 0.44441230843307933 0.6110105563125764
0.9999870619881961 0.20160651423134066 -4.1107139055484136e-7 -5.354604010609086e-7 1.4208879716469967e-5 0.0006187852377801497 -1.4884937154647468e-6 1.0316209764051585e-7 4.77714821620849e-8 5.028200437592276e-8 0.15627814787655606 0.1747687344002256 2.1304911898849284e-7 -1.1228273242813529e-7 0.5029656462089235 0.5633086712126623
0.9999868619655655 0.20161602304425427 -5.137449507550004e-7 -4.336702628589597e-7 1.4483612767821649e-5 0.0006123888313392722 -1.5591976510958052e-6 2.5426441414576455e-7 5.2161473753264264e-8 7.637195204680563e-8 0.17287811119457397 0.158227498363258 2.0500308508509485e-7 -5.167820997143957e-8 0.5564384669233026 0.5100251645004916
0.9999866732317046 0.20162550308765664 -6.196632220672199e-7 -3.235316326398532e-7 1.4752378397852715e-5 0.0006060812347346736 -1.601698726935971e-6 3.9395231570117015e-7 5.966259269406017e-8 1.0433295385164171e-7 0.1877377957649115 0.14011896008839952 1.9912651243597446e-7 2.5696295528741873e-10 0.60430182289044 0.45169732112707817
0.9999865024835657 0.20163484852078803 -6.179345702192301e-7 -2.967238662846174e-7 1.501814688508786e-5 0.0005998570462412676 -1.6403358316524913e-6 5.331332597115691e-7 6.858873765437192e-8 1.1365078568512819e-7 0.200710188544907 0.12062524300593769 1.9652613327769637e-7 3.909375340576843e-9 0.6460831414133579 0.3889123880633233
0.9999863432119007 0.201644133190752 -6.179735765590239e-7 -2.2209927627711935e-7 1.5282588846356285e-5 0.000593726582100203 -1.668337064222671e-6 6.773042806106528e-7 8.504271759790238e-8 1.5078295218805608e-7 0.21166722802041713 0.09994216178037332 2.0502100320654804e-7 1.0611279737540368e-7 0.6813709287426098 0.3223015789519652
0.9999862042447213 0.20165339537096766 -6.014384205860151e-7 -1.4263325191229404e-7 1.554711956555478e-5 0.0005876863499508272 -1.683036308765425e-6 8.404904662942907e-7 9.89349196731693e-8 2.158832436371988e-7 0.22050112734592142 0.07827719827015861 2.044619312528928e-7 2.948753649745717e-7 0.7098190267441462 0.2525335134566448
0.9999860471635919 0.20166268503664808 -5.885974914420746e-7 -5.00064512992653e-8 1.579174087102614e-5 0.0005817836349032866 -1.6815926777047394e-6 1.0269416256080131e-6 1.084326535768551e-7 2.7832504784615014e-7 0.22712538423977352 0.055847463937788194 2.0512107832985675e-7 4.859163455280414e-7 0.7311498566280976 0.1803076590617474
0.9999859390578929 0.20167202302885295 -5.814690078658019e-7 8.20444032374982e-8 1.6067768540230083e-5 0.000575947199731919 -1.6673981163398943e-6 1.2581623829163094e-6 1.1722802817338102e-7 3.677928630613386e-7 0.23147558224141968 0.032877538411988 2.0980942560818427e-7 7.213430603637459e-7 0.7451570366567906 0.10634746242014192
0.9999858209134583 0.20168129952730793 -5.429921410977276e-7 1.6891802010727677e-7 1.6339456239350607e-5 0.0005702020363019527 -1.6309181731283567e-6 1.4965636851507739e-6 1.3086115282303951e-7 4.1590807737241273e-7 0.23351008470892026 0.009597253863828089 2.227839841368698e-7 8.520297588917821e-7 0.7517075082180797 0.03139305013109743
0.9999856872153858 0.20169040510745234 -4.906449468625243e-7 2.7539050187399294e-7 1.66072669149105e-5 0.0005645560688807735 -1.5671259387352785e-6 1.718813681213243e-6 1.3636180458370916e-7 4.152832502586119e-7 0.23321039399160276 -0.013760661193753495 2.2651062268273988e-7 8.533724961489689e-7 0.7507427432838112 -0.04380626977918439
0.9999855746072651 0.20169947716674144 -4.3002881865645196e-7 4.2333807600676556e-7 1.6856814404615092e-5 0.0005590355676201911 -1.4937972459293794e-6 1.944683621556693e-6 1.3297428432424753e-7 3.7194936487468795e-7 0.23058131821213895 -0.03696286985789756 2.1342091584135158e-7 7.476079259734262e-7 0.7422792519527175 -0.11849934896017944
0.9999854670945475 0.20170845871242638 -3.559299120181433e-7 6.928162430761327e-7 1.70958045162167e-5 0.0005535562546006599 -1.3940083303701048e-6 2.2497449646073233e-6 1.2644355666072556e-7 3.2736903425230077e-7 0.22565093256782207 -0.059777801652452285 2.0736926046000075e-7 6.125614038644857e-7 0.726408380316932 -0.19194083439303788
0.9999853450644058 0.20171741251416736 -2.504819670351946e-7 9.61567412244717e-7 1.7334495223392493e-5 0.0005481862600016062 -1.2855975719493897e-6 2.5247760761624876e-6 1.2962449367030425e-7 3.0457651185107524e-7 0.21847024956558123 -0.08197795604387936 2.1403790541523765e-7 5.84326025737962e-7 0.703295283715526 -0.2633986750779227
0.9999852646338472 0.20172635807080652 -1.7178985693715446e-7 1.13943192624766e-6 1.7565170160297784e-5 0.0005429771310338598 -1.1552662843309483e-6 2.766005189010057e-6 1.2954656260217564e-7 2.676358323617059e-7 0.20911275837374033 -0.10334205407234759 1.925076338779532e-7 5.484869519965327e-7 0.6731774034011918 -0.3321610063467959
0.9999852027054076 0.20173522536235924 -1.5642455938913497e-7 1.13369634152621e-6 1.7798864361804057e-5 0.0005378098685356816 -1.019053992113932e-6 2.9492071051779814e-6 1.2828654020445437e-7 2.1690701277950808e-7 0.19767359643995966 -0.12365736525940954 1.6364049086263702e-7 4.71765669322689e-7 0.636361815968866 -0.39754355507783556
0.9999851350689761 0.20174420746573438 -1.2450641519759147e-7 1.1487146693260675e-6 1.8038991936193702e-5 0.000532698400534789 -8.834852640790669e-7 3.0982084047396248e-6 1.215049106213668e-7 1.669037098960489e-7 0.1842685734385063 -0.1427218716322163 1.2160123549800525e-7 3.708561053529666e-7 0.5932220576210174 -0.4588966199572725
0.9999850620660047 0.2017532045061988 -1.7385086267588773e-8 1.2600754254612623e-6 1.8275553392418814e-5 0.0005276967862969473 -7.211025177831063e-7 3.257972219755883e-6 1.1338202733782747e-7 1.3006894778978405e-7 0.16903306363228496 -0.16034613437666165 7.658361644157109e-8 2.7538433134968607e-7 0.5441945287755372 -0.5156111481598007
0.9999850002001525 0.20176189430108718 5.009387304858187e-9 1.2662237483223304e-6 1.8521731887757574e-5 0.0005226650275821098 -4.943431780696893e-7 3.42718451327617e-6 1.0831330326916691e-7 7.164809390007315e-8 0.15212061763668544 -0.17635523876166578 2.6546981920954244e-8 8.147767279476834e-8 0.4897739472854152 -0.5671250071873072
0.9999848982975824 0.2017704358268999 2.0360088144831934e-7 1.3609056372457719e-6 1.8776838402382846e-5 0.0005177556119101413 -2.7554545306259825e-7 3.5540895266872566e-6 1.1139685903973441e-7 2.9447196176207392e-8 0.13370141324230897 -0.19059053188348624 -2.8645212774497206e-9 -8.643680251730784e-8 0.43050857590209435 -0.6129283087199717
0.9999848769215838 0.20177882265039448 4.345067327382396e-7 1.4803162984365052e-6 1.9042348181393227e-5 0.0005129060435252402 -5.710288849784904e-8 3.634206991824563e-6 1.0796938639288996e-7 3.317170667838721e-8 0.11396053764564129 -0.20291120435134227 -3.995488985109562e-8 -1.302943327988485e-7 0.3669943740892381 -0.6525687903956086
0.9999848639620155 0.20178727611159356 6.99391210639692e-7 1.565822692559567e-6 1.931241217985627e-5 0.000508175038999921 2.319804499001106e-7 3.7353507217563442e-6 9.676382508615895e-8 7.643150671605591e-8 0.09309621616519106 -0.2131956131262072 -9.000519384750562e-8 -1.7295681824968737e-8 0.2998695521117847 -0.6856558567244826
0.9999848325049646 0.2017958831498561 9.636264948636385e-7 1.6217941993587217e-6 1.956252564762881e-5 0.0005036235540411524 5.424150799374435e-7 3.831705721655335e-6 8.862149898199641e-8 1.2580824866829228e-7 0.07131761193619393 -0.22134260704046121 -1.3356365860739522e-7 1.5209089447976591e-7 0.22980736660407586 -0.7118648956663396
0.999984785680044 0.2018044621424889 1.3027459450889668e-6 1.6887165377571917e-6 1.980270653045e-5 0.0004991273971394314 9.076471394483642e-7 3.9254644516521026e-6 7.384627256741267e-8 1.5374953648953385e-7 0.048842921348218896 -0.2272724251088189 -1.9558878187787367e-7 2.5046624322777777e-7 0.15751002530823846 -0.7309401430363605
0.9999847280962547 0.2018129173019863 1.766027179367454e-6 1.7398504647080013e-6 2.003183961760058e-5 0.0004946215946553429 1.29861827971374e-6 3.98194465485302e-6 5.908533533698814e-8 1.1736529201769758e-7 0.025897109498473916 -0.23092752027880042 -2.5993553236882554e-7 1.3301137102071927e-7 0.08370135404543146 -0.7426973062620374
0.9999846613239813 0.20182125865988973 2.177616514888451e-6 1.7508155649627556e-6 2.0263578140657024e-5 0.0004901359093868849 1.5368101250721863e-6 4.001179067546892e-6 4.7581458711949855e-8 6.393638852199771e-8 0.002709663145082687 -0.23227309446818684 -3.1708327905677054e-7 -5.435535203229224e-8 0.009119625322093046 -0.747025287589537
0.9999845985869098 0.20182943412201798 2.4632854729836734e-6 1.7256058162012357e-6 2.049704023435126e-5 0.0004856954169667247 1.8890034401774539e-6 4.0066792500618885e-6 3.7965845430227526e-8 -1.8712509914124292e-8 -0.020487667659788676 -0.23129742062280442 -3.658725307965887e-7 -3.507755253245659e-7 -0.06548979900889515 -0.7438872231060331
0.999984535554168 0.20183750913127385 2.690730411854579e-6 1.673561127884062e-6 2.072626212851753e-5 0.00048132994350785785 2.2527543623999966e-6 3.969393316711195e-6 3.2969522832120135e-8 -1.09484240865559e-7 -0.04346324431945523 -0.2280119661588617 -3.993306172843205e-7 -6.618410102694872e-7 -0.1393819524156159 -0.7333207934401959
0.9999844652816496 0.20184542091141552 2.894297847328624e-6 1.5964718783217854e-6 2.0953368124706575e-5 0.0004770386047912699 2.5975414548842045e-6 3.897004317250839e-6 2.6496673504001843e-8 -1.7878027135792626e-7 -0.06598774607791799 -0.2224512430327109 -4.359123392577939e-7 -8.993478185482251e-7 -0.21181946249953432 -0.7154377963371134
0.9999843959187 0.20185323763625876 3.0654663648248387e-6 1.5097732849433586e-6 2.11800365998564e-5 0.00047283104090813257 2.928855502407071e-6 3.791700036964543e-6 1.5811434572262018e-8 -2.2677336619861527e-7 -0.0878365107546534 -0.21467246696530212 -4.840998494214645e-7 -1.0632003738699835e-6 -0.2820800681132637 -0.690423007354342
0.9999843227485856 0.2018610006167222 3.1875948367757468e-6 1.4275928206287535e-6 2.1410017601888842e-5 0.00046870242179298746 3.2511061471313143e-6 3.655390830318045e-6 4.851628810661534e-9 -2.6015080177888343e-7 -0.10879187629278608 -0.2047549424020179 -5.336809421738245e-7 -1.176115709569252e-6 -0.3494641193038365 -0.6585321875402603
0.999984275279345 0.2018688423124101 3.2834431765163357e-6 1.3556506567869933e-6 2.1644056488428343e-5 0.0004646644532911293 3.58326943819077e-6 3.478299940724084e-6 -8.276783784751034e-9 -2.7389238329729516e-7 -0.12864518162104238 -0.19279929771092427 -5.814811567498442e-7 -1.2187858723420278e-6 -0.41330105239694614 -0.6200895969461929
0.99998423395187 0.20187672876975812 3.3762284360000366e-6 1.266455129451248e-6 2.1876914605314988e-5 0.0004606967209875774 3.9158711200958235e-6 3.248287055142285e-6 -1.4754721365371178e-8 -2.925110267934271e-7 -0.14719897820092281 -0.1789264020694845 -6.088867366462772e-7 -1.2766943268675065e-6 -0.4729564064536267 -0.5754845195439828
0.9999841901724768 0.20188459868703812 3.448895703771475e-6 1.1885817460889738e-6 2.2109965962308542e-5 0.00045681753545371467 4.244734648700472e-6 2.9727579882306973e-6 -2.239631148955884e-8 -3.0709045894220784e-7 -0.16426889832760494 -0.16327621763616923 -6.372591947803602e-7 -1.3221137072353086e-6 -0.5278378845562558 -0.5251675636833445
0.9999841567398638 0.2018923707615496 3.536194113485094e-6 1.0830044166543937e-6 2.235214726577545e-5 0.0004529813077898074 4.5561435577754195e-6 2.655551632764812e-6 -3.0330191552203144e-8 -3.2660081157217653e-7 -0.17968553880904137 -0.1460063280169443 -6.647172922942569e-7 -1.3795756450636193e-6 -0.5774013870456847 -0.4696459055003506
0.9999841326907911 0.2019001321286026 3.6766388919363096e-6 8.917733106270148e-7 2.259902246217517e-5 0.00044919600458279455 4.8457198393548514e-6 2.291704228800697e-6 -3.842810380099035e-8 -3.4331434529783617e-7 -0.19329613532901596 -0.1272903668452519 -6.87727394857923e-7 -1.424852791974004e-6 -0.6211563791069672 -0.409478225292693
0.9999841059151205 0.2019078917018336 3.8702766584017704e-6 5.791909887071613e-7 2.2849507312863364e-5 0.00044548718535699153 5.098307335861826e-6 1.8963197887154393e-6 -4.73143500536171e-8 -3.383375604845596e-7 -0.2049660597866091 -0.10731629190341296 -7.074639391618963e-7 -1.4033377688028678e-6 -0.6586706653793868 -0.3452691855512917
