0.999999999999105 0.0003413385164128023 -7.920871166126676e-15 -8.568714566724623e-16 -5.352978474943055e-13 0.9779383340448737 -1.0877787722115751e-14 -7.211376843066561e-16 1.4465286077656396e-14 1.0961326552847568e-14 0.9779952852399114 0.0014290964387475638 1.5782526204131315e-15 3.0136075870140606e-15 0.0007737093794420447 0.9999426270687625
1.0000000000007052 0.0035852255376670043 9.070364012711546e-16 -1.7221139694292505e-16 -4.880650124369798e-12 0.9331229576929047 -1.5979618245332262e-14 -1.3321483947940076e-14 6.939999917385945e-14 1.9714703906826147e-14 0.9338609766996577 0.00815469811746737 -2.1666910219116146e-15 1.012120118949102e-14 0.005140402653150416 0.9992442657559285
1.0000000000117897 0.011223752626694219 -1.2629735452184914e-14 -6.8779968151606514e-15 3.255212028890957e-11 0.8889721650536027 8.594451913033498e-15 -1.8579990323492467e-15 3.214179553986641e-14 6.665624032209578e-14 0.8918971172300894 0.01881279682003402 -4.393158826859059e-14 2.5128163570354915e-14 0.013967522390705363 0.9969510165539762
1.0000000001080724 0.022397695583223097 -6.757905586145243e-15 -1.275986029942231e-15 1.001082017985411e-10 0.8513222090535424 8.240420055489737e-15 -1.98375004698382e-14 2.856398090043201e-14 5.975862329868633e-14 0.8585596525438636 0.030909219843142578 -2.935850303993857e-14 2.6265154505293607e-14 0.026542294806223513 0.9923265786193117
1.00000000040295 0.03592291624444467 2.1887494002766216e-15 -5.266477875906594e-16 2.7188401894446772e-11 0.8197003896927774 2.1541951846878467e-14 -5.0103336603107476e-14 1.897767543385084e-14 4.535512219255196e-14 0.8336684251942629 0.04286587902527508 -1.4134463628689432e-14 1.9976343819810925e-14 0.0417463073745816 0.9849537989319528
1.0000000009514707 0.05093334364640069 -1.1147030652575102e-12 2.6834716752812857e-13 -5.832419394096922e-10 0.7927053373028674 -9.602059615116161e-12 5.701179693666141e-12 -6.259020175632301e-14 9.399599638159292e-12 0.8158632145356776 0.053722230680711025 -4.0865105027491303e-13 -2.9369210365316552e-12 0.058467850469719085 0.9746787845103415
1.000000001611074 0.06686531410678294 1.8038971685594853e-12 -9.926120055090583e-13 -1.805840977592642e-9 0.7691423955937269 -1.495322934259614e-11 8.400511740983602e-12 2.830403171421111e-12 3.2943395175935597e-12 0.8038085848767368 0.06283117210743172 6.218267038909248e-14 -1.2173531447628641e-11 0.07571514528234931 0.9615492645756822
1.0000000021628281 0.08335628035101944 -1.245279303884315e-11 1.60885405844656e-11 -3.2080953480987463e-9 0.7481335944569972 9.610717838941397e-11 -8.31786905844564e-11 3.957746295260004e-12 -4.78810426036179e-11 0.7963530289100655 0.0697245895172939 4.3422995908899133e-13 -2.938665324201165e-11 0.09264051842488646 0.9457681246989256
1.0000000027055147 0.10016871648266691 -4.371304605515361e-12 1.9476712532198605e-11 -4.839143356779337e-9 0.72905102102018 9.71083852776459e-12 2.036860356173258e-11 -1.0846658016535902e-11 -6.650415414014868e-11 0.7924980033374802 0.07406169686826845 -2.8042240091909826e-11 -1.993839959845778e-10 0.10854162700978917 0.9276582811764159
1.000000003253847 0.11714274401095116 3.0385224246583614e-11 -1.2686332736617707e-11 -6.360315368890561e-9 0.7114436823326904 -7.112831763120536e-11 1.1452172400682235e-10 -5.844571321266445e-12 -1.935625267490133e-10 0.7913531807593068 0.07561054034721655 -2.5834132781614034e-11 -1.5671363205858488e-10 0.12285824656308601 0.9076337468478484
1.0000000038620502 0.13416766215811005 2.1399760272483448e-11 1.2846480974539916e-11 -7.754183882016846e-9 0.6949833304395295 -1.161321296742853e-10 1.9562721793756592e-10 -1.814682515697241e-11 -2.7345292233449136e-10 0.7921068852321009 0.07424164731468379 -2.7437918833544017e-11 -1.7503011159929689e-10 0.13516865108724557 0.8861737832492798
1.0000000044136867 0.1511647330956407 1.8223174999885796e-10 -7.716862541840458e-11 -8.764381586126408e-9 0.6794274524733178 -3.7907389993376513e-11 6.692998357124304e-11 -6.396151483963137e-11 -3.902077466977876e-10 0.7940115281336864 0.06992509115924166 8.944595367063119e-12 -2.8016570409798097e-10 0.1451856343114291 0.8637986971637484
1.0000000052172862 0.16807655699552068 2.2716483827023392e-10 -4.392014844460214e-11 -9.146954171694896e-9 0.6645943475360205 7.477139368582435e-11 -2.860750740554445e-11 -6.644194825642026e-11 -4.1068776514808304e-10 0.7963795277807928 0.0627272782741166 -9.152564224637451e-12 -2.7488813500931476e-10 0.15275143004157882 0.8410468047457537
1.0000000059667684 0.18486035782453383 1.506448505513453e-10 1.5316920201065116e-10 -9.171584018698238e-9 0.6503462144682151 2.2443883810080529e-10 -2.966100366328491e-10 -1.3038577669013237e-10 -8.602659678642466e-11 0.7985856763297348 0.05280590917461391 3.15183055680909e-11 -6.312150671170877e-10 0.15783085400895822 0.8184526132162406
1.000000006355546 0.20148363474066633 3.1066751744560634e-10 1.7473613031319592e-10 -9.063892574623215e-9 0.6365775042738384 2.162278693133673e-10 -5.6328166453700283e-11 -3.9312378367437957e-10 9.42200693381709e-11 0.8000729785158147 0.0404025577640391 1.6869512964933864e-10 -6.215755529467286e-10 0.16050226425250305 0.7965265289894545
1.0000000065837458 0.21792127627490424 3.958453999599614e-10 9.240693920849056e-10 -8.241343049485032e-9 0.6232067572660532 1.383724480677639e-10 -2.1807694363541762e-10 -3.865020464275409e-10 9.6627649221991e-11 0.8003598597380776 0.025832817658572732 -2.24133082420744e-11 -5.3876984594616705e-11 0.16094620993277922 0.7757364963783374
1.0000000070987674 0.23415360594791848 4.4445503669546243e-10 1.7278448339340877e-9 -7.070867458350879e-9 0.6101707732792322 1.6645163619255975e-10 -9.032458618458489e-11 -4.195473351454482e-10 -5.190465371011469e-10 0.7990472568012877 0.009474226467626246 -9.036995061710281e-11 7.025831636696332e-10 0.1594318681222806 0.7564919969928281
1.0000000079663272 0.25016502851734546 6.293209497114592e-10 2.19599040619112e-9 -5.3701116056423895e-9 0.5974203852361041 8.345585761396852e-11 -5.746064195464316e-10 -4.0306334846822145e-10 -7.672638660653253e-10 0.7958245566569631 -0.008247636256756414 -1.4677936070260114e-10 8.649586904493132e-10 0.15630154054784054 0.7391308062831372
1.0000000090085435 0.26594308472569456 7.067236868365028e-10 2.426711942107694e-9 -3.559974472457054e-9 0.5849173296166869 8.326979978529912e-11 -1.2698416281217812e-9 -4.720119339417493e-10 -8.209317295685269e-10 0.7904736656988699 -0.02687440279232775 -6.397391202069251e-11 1.6113772731405673e-9 0.15195362345510027 0.7239088318390708
1.0000000093958672 0.2814777597956457 8.429537589007552e-10 2.6392281334680163e-9 -6.523473980355905e-10 0.5726319093149268 1.2327179199850252e-11 -1.31892377440719e-9 -4.490865743014209e-10 -4.609944845820015e-10 0.7828707461702409 -0.045930956448584366 -2.2397767348844023e-10 1.7991994647687966e-9 0.14682455150294715 0.7109932369969837
1.0000000097767778 0.29676099420788743 5.603803627083815e-10 2.5950548935945734e-9 2.5855664479390835e-9 0.560541203942175 2.9720175895095233e-10 -1.3784959587323444e-9 -5.959713608232539e-10 -5.090219201393271e-10 0.7729853684045639 -0.06494170273230013 -5.309571813934472e-10 2.9143409118407066e-9 0.14137027419603393 0.7004589851324956
1.0000000096519772 0.31178631214230995 4.909606110027786e-10 3.2445489904903884e-9 6.15796680197185e-9 0.548627703190978 6.636407741546043e-10 -1.703200685185374e-9 -7.76274758007019e-10 -4.375992636652151e-10 0.7608769854620213 -0.08344649267552784 -9.216931979714892e-10 3.478219066739896e-9 0.13604785732744293 0.6922888165589505
1.0000000097455386 0.32654854723881427 3.6732198617386186e-10 3.245791709327495e-9 9.861143581200915e-9 0.5368782278096924 7.305544833761425e-10 -1.553428744524442e-9 -9.565761905720866e-10 -2.01558401229733e-10 0.7466887961329188 -0.10101564646984601 -1.056565582671729e-9 4.023331185926187e-9 0.13129779213887852 0.686376531240782
1.000000009843553 0.34104363679660493 5.45480321632313e-10 3.619813468829002e-9 1.3758698075252735e-8 0.5252830871605154 6.320991867709701e-10 -1.5825467442630271e-9 -1.062987530315073e-9 -6.816199719013479e-11 0.7306391769943203 -0.1172635838641147 -1.1706529217141567e-9 4.294032665775206e-9 0.12752757171174647 0.6825333669400822
1.0000000096758825 0.3552684549392731 8.47907200570335e-10 3.914000526075041e-9 1.799418667404452e-8 0.5138354023605212 2.382778215791722e-10 -1.9083376326031407e-9 -1.1928282981812285e-9 7.907062561572968e-12 0.7130109763793269 -0.13186060403231353 -1.1233066769730107e-9 4.304937998190565e-9 0.12509704432397134 0.6804971563505672
1.0000000089636136 0.3692206858616365 7.653774376458278e-10 3.794034616542077e-9 2.27171179841751e-8 0.5025305661179318 -6.151416625466732e-11 -2.179755602419682e-9 -1.1921143334061982e-9 -1.2613163049731823e-12 0.6941390444681081 -0.14454245554028528 -1.0207873988801122e-9 4.294861415789543e-9 0.12430597886084888 0.679943856976885
1.000000008347129 0.3828987294619066 1.481658854580831e-9 4.5235780889328255e-9 2.7572828648046537e-8 0.4913657955788816 -4.754207504906983e-10 -2.4201807666129094e-9 -1.26338953110751e-9 -6.663931933044523e-11 0.6743964411391747 -0.15511741246815447 -1.102138971833597e-9 3.7018095933155654e-9 0.12538421573375164 0.6805009869783025
1.0000000070961814 0.39630161123042645 9.668107178774672e-10 4.266488493485756e-9 3.264951866559979e-8 0.4803397720602492 -3.834677047658526e-10 -2.5114485053588983e-9 -1.2797193500152722e-9 -1.8082258894375111e-10 0.6541797988122866 -0.16347067504757015 -1.1831976554252447e-9 3.3444975903640447e-9 0.12848464370790583 0.6817624298465825
1.00000000507848 0.40942892529428054 5.77971857806044e-10 4.042853431733631e-9 3.836375607927795e-8 0.46945234530682733 -3.019708081377005e-10 -2.3747740820376912e-9 -1.4008056451567914e-9 -1.1800666805184215e-10 0.6338943650837061 -0.1695659936509044 -1.1444882993405376e-9 3.146969022278414e-9 0.13367917728542006 0.6833040474410284
1.0000000024692102 0.42228077636619327 -5.52200119931974e-10 3.706842873258344e-9 4.4315149637150096e-8 0.45870428405535124 -3.6303755715092476e-10 -2.046636936180658e-9 -1.2972243104006472e-9 2.581931078920301e-10 0.6139392104737413 -0.17344454910055598 -9.87494022652396e-10 3.117611200930464e-9 0.1409577809758987 0.6846995324499895
0.9999999999954298 0.43485772439069825 -1.4196189821591053e-9 3.7286232611306165e-9 5.049148706468701e-8 0.44809706574268676 -1.1006733784513887e-9 -2.682464208486549e-9 -1.4428289006459254e-9 8.990103607127345e-10 0.594693122072413 -0.1752211750617963 -8.818685574886628e-10 3.4630240057102945e-9 0.15023048045647402 0.6855359348894136
0.9999999980708102 0.44716075666341415 -1.6877659716214205e-9 3.677281969000003e-9 5.7123192626484424e-8 0.4376327078561891 -5.62023163787795e-10 -2.0735915273782114e-9 -1.5325196423941629e-9 1.179657802454709e-9 0.5765016419679984 -0.1750781327521842 -6.648386653946732e-10 2.281339890339593e-9 0.16133220776369508 0.685428307203535
0.9999999947507776 0.4591912465348087 -8.966094744261101e-10 3.849900178891732e-9 6.422278931068333e-8 0.42731361600847195 8.04577000374784e-10 -1.4503259177363937e-9 -1.5959400607345356e-9 1.4333421951610147e-9 0.559665646053263 -0.1732567243086044 -5.681543359896839e-10 1.3906476562177794e-9 0.17403023837946296 0.6840330003892147
0.9999999922214701 0.4709509215247833 -9.944979055093405e-11 4.4234918892531005e-9 7.202877184863433e-8 0.41714246870947347 1.972854597580545e-9 -1.2638776456620238e-9 -1.7060195195374675e-9 1.822391103446689e-9 0.5444318440313602 -0.17004705938021264 -6.038040420020227e-10 7.285692917473475e-10 0.1880338781922063 0.6810591445806512
0.9999999890396798 0.4824418418039735 -3.4062410631890903e-10 4.787269518956184e-9 8.04410062326179e-8 0.40712210661534315 2.6540322194734228e-9 -2.728881388490222e-9 -2.0740597223054245e-9 2.549146484758028e-9 0.5309854452234295 -0.16577643204838172 -3.681117661957608e-10 -1.467169245029802e-10 0.20300597944723575 0.6762779788556569
0.999999986020394 0.4936663669334125 -1.0312246377482244e-9 5.042451405173809e-9 8.800442033556066e-8 0.39725543752948145 3.434200484844038e-9 -2.7637503714395634e-9 -2.417865919816914e-9 2.884461637583774e-9 0.519445213955588 -0.16079669691162207 -3.8706448884212566e-10 -8.410472122303361e-10 0.21857586543016677 0.6695297510272422
0.9999999827568437 0.5046271385822731 -1.5718953265950585e-9 5.854957088987171e-9 9.549379027260713e-8 0.38754538971250246 1.779886002590502e-9 -3.8722984839683256e-9 -3.1967592632818933e-9 3.864514800250809e-9 0.5098609992332593 -0.15547114066197798 -1.2527814425165739e-9 -1.8631616304467425e-9 0.23435313945645592 0.660727992493291
0.9999999801193206 0.5153270565341486 -3.3037555643760926e-9 7.380729624477922e-9 1.0486693282548938e-7 0.377994833660585 2.9067989383969485e-9 -4.672681600599676e-9 -3.3930940786383113e-9 4.645435280593758e-9 0.5022137608106167 -0.1501613107010769 -2.1034237168079888e-9 -1.7119765109448434e-9 0.2499418767605945 0.6498611030450303
0.9999999763561098 0.5257692534440346 -2.614185528482491e-9 6.671246559909588e-9 1.1512941190626701e-7 0.3686065130253246 1.8320952679638918e-9 -4.5012678100003376e-9 -3.2795989624768613e-9 4.972418563707933e-9 0.49641803838399023 -0.1452142698359489 -2.068262353628043e-9 -2.2894839442766226e-9 0.26495470017347983 0.6369912529774859
0.9999999705517014 0.5359570815984851 -2.5632179363335427e-9 6.5897808900426515e-9 1.2719235104601763e-7 0.35938303244663444 -1.172095492551554e-11 -3.294765404462338e-9 -2.8879247528831214e-9 3.289113525475003e-9 0.49232669039175775 -0.14095070605444165 -2.780715293989718e-9 1.7976086996766402e-10 0.2790262127459163 0.6222506809698506
