0.9999999999562449 0.001661173405739921 -2.2578911440414784e-14 -1.6347943385121958e-15 -1.5748366775553657e-11 0.8942826860871365 -2.4882599179118236e-15 1.789829307494406e-16 -3.9424387905147263e-16 4.4607045994777804e-15 0.8945525451465195 0.006784711279984573 2.427055298454141e-15 1.2929792625653044e-14 0.0037849644306111683 0.9997199958511133
0.9999999999531528 0.016270709015986373 -3.810306914964893e-14 -5.955563309937045e-16 -3.6016599256191705e-10 0.7071198055328797 -6.852731331847944e-16 1.0488526636305974e-15 8.188630060850576e-16 -1.9275997446400965e-15 0.7102961493389384 0.03457005111501065 5.49901284103135e-15 -3.987143749726188e-14 0.024373736851573735 0.9964331572008246
1.0000000002051999 0.04652818657237711 -3.008835247646387e-14 -2.914349492426536e-15 -4.2540619025807484e-11 0.5548018623403088 1.4145127598445782e-14 -1.744695615379305e-15 2.185478568137345e-15 -1.1185144632953659e-14 0.5663705094590272 0.07086653010505849 8.230097854392829e-15 -1.2555114263026996e-14 0.06483254182071016 0.9859317448911232
1.0000000022244373 0.0842240512063246 -2.0068151276005453e-14 -7.53062004079225e-15 1.2821011151440908e-10 0.4465517122671305 1.4458617630747998e-14 5.686214303524833e-15 3.444747615415986e-15 -6.722825571643901e-16 0.473044209584945 0.10455350031984814 1.0986734933736173e-14 -8.754023799873988e-15 0.12061779190843822 0.9654368557551785
1.000000012033812 0.12265981974517505 -8.220280409983516e-15 -1.2727192098142489e-14 -1.502083002120893e-8 0.36905109342953607 6.642142256155616e-15 1.857880730938454e-14 4.349495485619289e-15 -3.1822769867016407e-15 0.41643912986150516 0.13162025231946273 1.4181372237805889e-14 -2.333202627497208e-14 0.18513410815060607 0.9341836496931482
1.000000031675346 0.15869366625022632 -3.191413214104774e-14 -1.2092244298108826e-14 -4.057929501728886e-8 0.31161947513286714 6.105787146871404e-15 2.237358705533458e-14 8.932142186411224e-15 -1.0786140364723754e-16 0.38450475010799967 0.15099508735997738 2.1369625882781573e-14 -5.2940683099757e-14 0.252586760724856 0.8927750902194439
1.0000000512994465 0.19130391262992372 -3.6862944023427314e-14 4.600208415528962e-15 -5.833883875430518e-8 0.26759586667654073 -4.3107564201774125e-14 2.6696447830318485e-14 1.51879179385656e-14 1.4149639523670104e-13 0.36900201293492707 0.16262306109078778 1.3734404382145852e-14 -1.612003776786921e-13 0.3187393081987089 0.8424586025822477
1.0000000714395183 0.22041429972968415 -3.876166183344202e-14 1.0272761621319957e-14 -7.904522965655026e-8 0.2328877422771709 -4.6627614964873405e-14 4.466475240399918e-14 6.059050784007592e-15 3.9043689952161074e-13 0.3643369769303066 0.16684253693520595 1.869398838897926e-14 -3.2455597895456243e-13 0.38072663907906423 0.7847033453053965
1.0000000909200175 0.24630247545818698 -1.4378948992403457e-14 5.489079034388242e-15 -1.0748074763985994e-7 0.20489626866614297 -6.042435811385342e-14 6.215602409367646e-14 4.104640807904934e-15 3.979350488007766e-13 0.36658588877927745 0.16417659191071535 7.310195068968685e-15 -3.3702904084377e-13 0.436690870967889 0.7210038415473506
1.0000001063530226 0.2693445795219264 1.284759502993342e-14 -6.197423602284315e-15 -1.4147059747878286e-7 0.1819024455426493 -7.301774223983978e-14 5.224083510216542e-14 -2.611976779658265e-15 3.493603971823656e-13 0.37290272082696685 0.15525091214401218 -9.696436117691591e-15 -2.8344280040646966e-13 0.4854797372408743 0.6527968649674178
1.0000001146626176 0.28991452179303234 7.07991236281953e-14 -5.116117894260976e-14 -1.772460087338567e-7 0.16272524984084386 -8.476581365595427e-14 2.7616234394671695e-14 -4.1776494859307774e-15 2.450984563134392e-13 0.38117076099931246 0.14075324054697735 -3.2741180663622146e-14 -1.789029189850774e-13 0.5264357022829741 0.581427770021849
1.0000001167663697 0.30834893695772475 1.0073100510948312e-13 -6.721796594193901e-14 -1.9987459294161994e-7 0.1465264529993239 -8.505325747418145e-14 -6.06611246996447e-15 -2.064883529890863e-14 -4.773091971431631e-14 0.38979251071768256 0.12140799767091476 -1.0583048584067228e-13 7.687633521621093e-14 0.559254339788763 0.5081376701888038
1.0000001163565226 0.32493896821369195 1.257260523701634e-13 -9.989045657929177e-14 -2.2104532600842096e-7 0.13269443615044701 2.3964583915022314e-14 -1.0859418790269162e-14 -4.975492643143698e-14 -1.7532651469007584e-13 0.39755731922871784 0.09795788628385269 -5.695357337770718e-14 2.2302922505128504e-13 0.5838888251615781 0.43405924291709364
1.0000001100629363 0.3399321230384508 1.577424147168395e-13 -1.3205942155404697e-13 -2.418371325496181e-7 0.12077243639607914 8.157858474837176e-14 -9.7098687686607e-14 -7.117244144396067e-14 -8.88669699832584e-14 0.4035539785274024 0.07114941648875897 -3.2309559096727436e-14 1.3627395838152983e-13 0.6004838416510727 0.3602162852889066
1.0000001012070727 0.35353741510121384 2.0967740830939994e-13 -2.1578021647638997e-13 -2.587745618474362e-7 0.11041242048538558 1.573328342371201e-13 -1.873492019201821e-13 -9.406315152687996e-14 -4.3380555637428505e-13 0.40711036750177954 0.04172077705295502 -1.82128977964494e-14 4.844600474073562e-13 0.6093282204788141 0.2875250468980237
1.0000000911225684 0.36593121877011064 2.327517738457312e-13 -1.3185565919022197e-13 -2.71281520898056e-7 0.10134465462420646 2.4725027802807875e-13 -7.168439203241976e-14 -7.482297827040209e-14 -5.536409383993582e-13 0.40774978075362983 0.01039162168625714 -4.469520133539732e-14 1.4522310118647397e-13 0.6108198166876323 0.21679648917229943
1.000000080233387 0.3772626524436386 2.1332340276259613e-13 -4.232032017215335e-14 -2.8213796624577756e-7 0.09335689428171329 2.62651230502323e-13 -2.973926692077573e-13 -3.5967058755115654e-14 -8.25927936417378e-13 0.4051579667820271 -0.022145637563585004 6.698975633657568e-14 1.8660225097840663e-13 0.6054384787196834 0.14873902700366565
1.0000000649930365 0.38765818289256454 -1.173472155934516e-10 6.795715117158013e-10 -2.942364462270217e-7 0.08627992329781047 -3.363466199974121e-10 -5.630568732217166e-10 -2.0445079663963509e-10 4.778042779812353e-10 0.3991572124740512 -0.05523320480974451 2.19667300870589e-10 1.2263679212297923e-10 0.593724576693686 0.08396192266029132
1.0000000465368004 0.397225593146557 -1.840279892426628e-10 9.25775808358075e-10 -3.047846056590169e-7 0.07997726201459379 -2.082153827311953e-9 -4.329628239090071e-9 2.18324506939071e-10 -1.0613474414216735e-9 0.3896852363339153 -0.0882540328811811 4.812106567888809e-10 6.664571447426274e-9 0.5762615172827258 0.02297900195458841
1.0000000269637406 0.4060571061224315 -2.845495007944417e-9 -7.804436702762985e-9 -3.1338999096811736e-7 0.07433766903854237 -3.1837511237132124e-9 -8.121052097493895e-9 5.546565579784225e-10 -4.953130312118573e-9 0.3767774220446998 -0.12063689807898054 3.213741602882942e-10 1.7015950372643068e-8 0.5536611926589057 -0.033787187868894536
1.000000003990906 0.4142320252279088 -5.152380193964664e-9 -1.1793478870920959e-8 -3.2162381137983895e-7 0.06926963080331323 -1.127497005799376e-9 -4.806716050157397e-9 8.160880853312341e-10 -5.7038338146615846e-9 0.360551519643504 -0.15186035612928558 1.4075770732349383e-10 1.8079268304633787e-8 0.5265516642861136 -0.08600103095021375
0.9999999761482027 0.42181886896549914 -3.7251434328351305e-9 -7.913002709565868e-9 -3.2943285915991135e-7 0.06469720939062176 4.080607044843987e-9 2.276301744170191e-9 -1.1438503422087271e-9 -7.343651624169066e-9 0.3411941335440182 -0.18145588866873966 -3.11095317407762e-10 1.6353700755776975e-8 0.49556665483614587 -0.13340900667109318
0.9999999459522473 0.4288770536028832 -6.629474400876719e-10 -4.239681770540537e-9 -3.4181027006511104e-7 0.06055689971013153 5.003866898452683e-9 4.184018541808e-9 -2.394248778158002e-9 -9.44847286627619e-9 0.31894863814172264 -0.20900996670774297 -3.079915589368264e-10 1.755269211157555e-8 0.4613365766992662 -0.17583468776466188
0.9999999127687635 0.43545839848431633 -3.7934110850426885e-9 -4.1705820698112475e-9 -3.5745425643385615e-7 0.05679524616866264 -2.8421623601100243e-10 -2.36262148696181e-9 -1.7114401314211718e-9 -1.2783881382219442e-8 0.29410427212018125 -0.23416537021909772 -1.2290506035824392e-10 1.183242259968939e-8 0.424480776083501 -0.21317353087917518
0.9999998801240593 0.44160820354858754 -1.0831067078058379e-8 -9.330297018828074e-9 -3.8015094640411075e-7 0.0533669553172574 -4.167589497089373e-9 -7.557469162023711e-9 1.2234601974580979e-9 -1.5967587266838703e-8 0.266986151572991 -0.25662171053040245 9.804026850182636e-12 1.4423749723787139e-8 0.3856008674569597 -0.24538748291360052
0.9999998430554421 0.4473662852482731 -7.546760549899938e-9 -9.240978109906558e-9 -4.052060379948761e-7 0.05023342470974288 -4.844403050215534e-9 -8.384696857827801e-9 3.401447518665694e-9 -1.6700279299634984e-8 0.23794623156786815 -0.27613521466443236 -1.127975780382738e-10 1.504027305851331e-8 0.34527515746324366 -0.2724993992344831
0.9999998021411219 0.4527677211144317 -6.086699441707146e-9 -5.994593674880446e-9 -4.342397868261216e-7 0.04736149317310493 -3.8863915837559925e-10 -7.142015775335999e-9 5.571807253164116e-9 -2.129532005353565e-8 0.2073549769318426 -0.29251787722335565 -1.0277680232397252e-9 1.4489394271165167e-8 0.3040538785953646 -0.2945874795708402
0.9999997572728494 0.4578435651698475 -9.014700504555018e-9 -6.992950571991935e-9 -4.7162533918270514e-7 0.04472264431225527 3.3774996652654758e-9 -6.721985640347198e-9 7.34626352087268e-9 -2.7355277670840246e-8 0.1755937671339794 -0.30563596343678107 -1.0628765133230586e-9 1.2482703192570262e-8 0.26245526140230013 -0.3117796226180365
0.9999997124384626 0.46262142322917393 -1.973263909148696e-8 -1.3060913210805137e-8 -5.166350875363124e-7 0.04229214924372417 7.715181774252907e-9 -5.826163825716345e-9 8.356617254828084e-9 -3.0571783975485465e-8 0.1430479699007455 -0.3154080569652197 -1.408070107496917e-9 1.799056977044824e-8 0.22096236419183163 -0.3242478396068077
0.999999661042345 0.4671258874014581 -2.9739012557998213e-8 -1.8693762130291345e-8 -5.702947271808798e-7 0.04004854980646344 6.263928800092055e-9 -6.0185851440643026e-9 8.935087737626972e-9 -2.935863311230205e-8 0.11010072152423846 -0.3218026520803797 -1.032241275313737e-9 1.9413389768649718e-8 0.18002059978465865 -0.3322026887575403
0.9999996101200513 0.4713789235387955 -3.0897151152920205e-8 -2.1304996952128722e-8 -6.301501005831212e-7 0.03797305611935789 3.922309150739644e-9 -7.217135009931125e-10 7.708245904844239e-9 -2.0809839237318727e-8 0.07712727895101 -0.3248351515268699 2.6126862036896176e-10 1.4356586060973534e-8 0.14003587053119795 -0.3358878459225437
0.9999995527023963 0.4754002745077189 -3.611642324293673e-8 -2.3845857370300773e-8 -6.968462223330231e-7 0.036049250645789704 -9.777406617526222e-11 1.5973662591591057e-9 6.376822098054161e-9 -1.615148202347244e-8 0.04449004455411539 -0.32456481883001065 2.6860757890045013e-9 1.0037050189387771e-8 0.10137337483904305 -0.33557478739821844
0.9999994910715869 0.47920765533610404 -4.600998135696942e-8 -2.3366806878707418e-8 -7.677912405146505e-7 0.03426266095848215 -1.752572467862004e-9 4.3972603305292676e-9 4.000225984552758e-9 -8.076255431943451e-9 0.012534233262454456 -0.3210911752177035 4.312826111692986e-9 5.1403226409332596e-9 0.06435685916763813 -0.3315576960560425
0.9999994268785367 0.48281699874931716 -4.0742813898028843e-8 -2.805135645358729e-8 -8.417014028400889e-7 0.032600539251405755 -3.197446695363218e-9 6.73380051371342e-9 4.536641691870048e-9 3.4939178891241847e-10 -0.018415967710720425 -0.31455031331498784 7.085845020559445e-9 1.4651191898618181e-9 0.029268429210637475 -0.3241485267725898
0.9999993558040768 0.48624274415220564 -2.776364754141443e-8 -3.625118322926243e-8 -9.136226993337806e-7 0.031051597089755512 5.237806662236814e-9 3.471202556638558e-9 3.975778564650785e-9 1.0888214617907359e-9 -0.04806061199446596 -0.3051109833672374 1.0663379257402764e-8 -5.269803282100606e-9 -0.0036512102245123083 -0.3136723205782042
0.9999992822205784 0.48949797443942333 -1.7062545401201837e-8 -4.39010586420929e-8 -9.841539948574045e-7 0.02960575263306948 1.5047755913288693e-8 -2.617289589457628e-9 3.713623138162129e-9 -1.2648025881304262e-8 -0.07612665685193383 -0.2929705941436143 1.4694567482154822e-8 -2.0338754148803934e-8 -0.03420209476360934 -0.30046277634246915
0.9999992131934232 0.49259454517791906 -1.187216650311884e-8 -4.4361879020137866e-8 -1.0575582088246804e-6 0.02825409110299651 2.8805160845588482e-8 -1.0379623917823701e-8 4.024894117655525e-9 -2.2921117883851406e-8 -0.10237005015570685 -0.2783511154519618 1.9419861134978588e-8 -3.298154573767758e-8 -0.062223992509504084 -0.28485811809052863
0.9999991439603452 0.49554327247707114 -1.000325234724492e-8 -4.319588554021769e-8 -1.128531765523072e-6 0.026988603397938477 3.3082997171211175e-8 -1.9664033287123364e-8 8.182423678469252e-10 -3.2170748001053355e-8 -0.12657735747104745 -0.26149503196400853 2.4898149400646015e-8 -4.110180624061023e-8 -0.08759505183651359 -0.26719717853241814
0.9999990642236618 0.4983540324066948 -1.013418911097196e-8 -2.7758969255034385e-8 -1.1977289057972601e-6 0.02580210474079946 2.8289722695986328e-8 -2.168600747317757e-8 2.862487788505765e-9 -3.808149218418297e-8 -0.14856689388670907 -0.24266120607065927 2.4801142143442446e-8 -3.519081187410886e-8 -0.11023018614942662 -0.24781590268719073
0.9999989868287876 0.5010357950824751 -2.4055544321690332e-8 -5.171956481539817e-9 -1.273992076489993e-6 0.024688190198654307 1.0517127918941389e-8 -2.089748804747345e-8 9.565492287573285e-9 -3.525144867997573e-8 -0.1681893701219716 -0.22212090123613681 2.278100257250078e-8 -1.8702075637965382e-8 -0.13007918768382704 -0.2270440657123927
0.9999989050380774 0.5035968414694313 -4.15188570988449e-8 1.1251513365345798e-8 -1.348196498161578e-6 0.023641062951804896 6.570370940766481e-10 -1.5743586689684992e-8 1.3871581755597571e-8 -2.255191686676817e-8 -0.18532807580819444 -0.20015388999083056 1.9614748127975984e-8 2.3461634885339565e-9 -0.1471246715955932 -0.2052023784921428
0.9999988335980015 0.5060447412230006 -6.045298247653619e-8 4.515746017999088e-8 -1.4226678284400623e-6 0.02265554564169759 -4.838290135793265e-9 -1.1373458239594647e-8 1.5239711745717632e-8 -2.13204836065744e-8 -0.19989871312539587 -0.1770446583984016 2.0078483048249933e-8 2.7781677949007075e-8 -0.16137985749766603 -0.1825998332774972
0.9999987500304881 0.5083864379176876 -7.765473726443739e-8 7.77013736530955e-8 -1.5000030497749777e-6 0.021726857920814836 -1.4685701628721088e-8 -1.523941498393586e-9 1.4615754539911186e-8 -9.350416087762865e-9 -0.21184885476147608 -0.15307896923709827 2.152011795148624e-8 3.920219083124795e-8 -0.17288612460750602 -0.15953135766943077
0.9999986641316149 0.5106283186766651 -1.0669129399457788e-7 1.1880777026190494e-7 -1.5767268707249619e-6 0.020850760023157867 -1.6875572804307266e-8 1.0676561077833703e-8 1.6932393567282544e-8 -7.220827354363198e-9 -0.2211570020831698 -0.12854033408267823 2.8286292462636415e-8 4.2989095287787606e-8 -0.181710583956298 -0.13627592411909858
0.9999985749188104 0.5127762635882676 -1.035628340867041e-7 1.3657847526313835e-7 -1.656430496226384e-6 0.02002336265559956 -1.756745114400938e-8 1.5177898275737778e-8 2.422113587061916e-8 -1.2590743053534846e-8 -0.22783132561828653 -0.1037068661629688 2.658633336814333e-8 4.081037462546472e-8 -0.18794360049942355 -0.11309486266299826
0.9999984919490158 0.5148357232149882 -1.0047674370979938e-7 1.476879026447313e-7 -1.7454452374798231e-6 0.019241167806700578 -2.2916365523358185e-8 9.335588626887345e-9 2.99289660831981e-8 -1.7114020223045675e-8 -0.23190826013079935 -0.07884846449431358 2.5318798475591022e-8 5.165029367724978e-8 -0.19169610065064968 -0.090230429180837
0.9999984018042607 0.5168117426408816 -9.701901949469137e-8 1.3862550923464923e-7 -1.8342499507228315e-6 0.018500940631558736 -1.5100800372759334e-8 1.2106999267742787e-8 3.9067781365984384e-8 -1.6434855642375286e-8 -0.2334507756597327 -0.054224055550022125 2.221742123678213e-8 5.593828608413701e-8 -0.19309701950680863 -0.06790476415059309
0.9999983026156517 0.518708949466393 -8.802720181685813e-8 1.2638287902031398e-7 -1.934217515721831e-6 0.017799766254960835 -1.0989241620543716e-8 1.865783046704018e-8 4.8368346492679134e-8 -2.455588100675899e-8 -0.23254635634535728 -0.03007923014996592 1.7082182953526832e-8 6.306027622100698e-8 -0.19229076476856952 -0.04631902718998146
0.9999981997447823 0.5205316800144077 -8.934899509377685e-8 1.1891000352909337e-7 -2.0338071973040294e-6 0.017134966846320526 -1.0556863046260148e-8 2.987558227909075e-8 5.698905229494587e-8 -2.5134938967725474e-8 -0.22930500304116744 -0.00664419277049667 1.2843585062336029e-8 5.2220884587927624e-8 -0.18943458350397513 -0.025652903685868072
0.999998104676323 0.5222839477533346 -8.802611627585476e-8 1.0820298311246862e-7 -2.1469571936252475e-6 0.0165040834845911 3.94503199419978e-9 4.6014839436202027e-8 5.324966471438416e-8 -1.5835449068403138e-8 -0.2238569037488492 0.015868124687807194 1.1410966509093772e-8 3.881552980658411e-8 -0.1846961576362487 -0.006064306928782618
0.9999979990540978 0.5239694898312371 -9.494644067884719e-8 7.667158649239801e-8 -2.2561257690375618e-6 0.015904887385148996 2.716426528884779e-8 7.696441608001146e-8 5.103863866903479e-8 -2.6253483452319222e-9 -0.2163501205867981 0.03726356769618488 1.1151904711427537e-8 1.201874759543775e-8 -0.17825116451573622 0.012310717889217233
0.9999978903333461 0.5255917962516663 -1.1321456234847405e-7 3.0530467462475724e-8 -2.3564924908827687e-6 0.015335277139481672 2.9587735459575584e-8 1.0067359295896538e-7 5.7827492058155525e-8 5.86994744811242e-9 -0.20694814155959096 0.05736800746437941 1.1397232071291028e-8 4.965151388489087e-9 -0.17028097486760368 0.029357828483432106
0.9999977795351719 0.527154109092436 -9.423226452198143e-8 4.084188231897248e-8 -2.4777426680838535e-6 0.014793344979665852 5.926018516031595e-8 1.424157402664623e-7 5.778147478078828e-8 2.4952747938813004e-8 -0.19582741742113077 0.07602833341105199 1.103679634331097e-8 -1.2625503648010043e-8 -0.16097048310547682 0.04498401829787002
0.9999976594757881 0.5286594573639367 -7.284857154491187e-8 5.558116484786758e-8 -2.6068510564597605e-6 0.014277360045005013 7.435516333746103e-8 1.556626931310734e-7 4.9328516714167924e-8 3.628197061428696e-8 -0.18317488968170298 0.0931131184796163 1.8363531936084602e-8 -7.641248208259642e-9 -0.1505059610466792 0.059117074029964294
0.9999975392141609 0.5301107276500686 -5.98530068738595e-8 8.403534049977247e-8 -2.7348214757178013e-6 0.013785796449485209 1.1655475226783728e-7 2.0150965481783035e-7 5.4663040789708144e-8 2.5353479660136483e-8 -0.16918552816421253 0.10851297906152177 1.3505973634418119e-8 -1.5523766100716855e-8 -0.13907306697499805 0.07170500119804069
0.9999974003318302 0.5315105214931782 -7.272286111315503e-8 9.108593014705713e-8 -2.865698711315186e-6 0.01331705057785988 1.3808548769788035e-7 2.1785805840066389e-7 6.128032225033342e-8 2.8324462084083595e-8 -0.15405980314273854 0.12214089950642207 1.090818107004657e-8 -9.813485836548488e-9 -0.1268552845670661 0.08271489307062974
0.9999972478835472 0.5328613400354192 -6.8150999195845e-8 1.0047052322898673e-7 -3.0078733456888337e-6 0.012869744815584871 1.4321178258178604e-7 2.2250215278176415e-7 5.4715897996332816e-8 3.8552061578889087e-8 -0.13800151085050066 0.13393192127793124 2.0074663535631172e-8 -1.218446263062223e-8 -0.11403186707318941 0.09213237611247177
0.999997083479784 0.5341654533559691 -8.039831630795889e-8 1.005455953541096e-7 -3.14875423174401e-6 0.012442636518451042 1.5783895510872765e-7 2.2322999493160924e-7 5.2409058266857586e-8 4.201677415390483e-8 -0.12121525180938425 0.1438430440614247 1.8312495833438956e-8 -2.374491871879544e-8 -0.10077681444827896 0.09996008297067935
0.999996908908833 0.5354250219965909 -1.083005834071127e-7 1.1842530337103342e-7 -3.3045482117471415e-6 0.012034532368444099 1.812791962407546e-7 2.2132103258200813e-7 5.062081576816937e-8 3.933718010749144e-8 -0.10390442440205297 0.1518525163035511 2.762840809730062e-8 -3.410129427541189e-8 -0.08725699574986928 0.10621690234657447
0.9999967403494332 0.5366421249338822 -1.298571710898607e-7 1.3022570815476252e-7 -3.48321073317537e-6 0.011644325586406032 2.2248011137654513e-7 2.2923388041784192e-7 5.270965172528585e-8 4.681702103892148e-8 -0.08626903528411178 0.157959233801109 2.867972183109608e-8 -3.466730584664588e-8 -0.07363128974355301 0.11093645666255679
0.9999965571153482 0.5378187779562691 -1.2564242422182531e-7 1.3770370391781442e-7 -3.6860876881683452e-6 0.011270994028375489 2.5720895903191095e-7 2.3400655748696694e-7 4.403002066585078e-8 4.913943543239197e-8 -0.06850379566061598 0.16218170623506728 4.5530312996054794e-8 -7.037044916055811e-8 -0.06004941565362708 0.1141658157192546
0.9999963829989744 0.5389567835922858 -1.275498882040321e-7 1.2780164394883532e-7 -3.873219098948448e-6 0.010913631846602639 2.883343270418865e-7 2.2907490471224632e-7 4.397621094866268e-8 4.566242988435208e-8 -0.050796373796562405 0.1645571013195924 3.690845528778214e-8 -7.195154916234256e-8 -0.04665122604756751 0.11596428113949045
0.9999962521157344 0.5400578685761612 -1.4283118687662386e-7 9.370330820546106e-8 -4.0348771339575064e-6 0.010571431163669879 3.0460050691592505e-7 2.2063693100035094e-7 3.1454697799108206e-8 3.3231845548901546e-8 -0.033325768594824404 0.16513996801117165 3.28620549928719e-8 -1.0597206481418759e-7 -0.03356573771991523 0.1164020023422033
0.9999961120510608 0.5411236046287182 -1.138758613813485e-7 6.90629038324071e-8 -4.201609968833892e-6 0.01024346041528185 3.294134667052964e-7 2.1156228484979835e-7 2.189395732561728e-8 2.3510379531078092e-8 -0.01626080051764303 0.16400090046672042 4.395254039105494e-8 -1.1639115449612763e-7 -0.02091070080241317 0.1155583929824468
0.9999959746134696 0.5421555157485867 -7.045622818781726e-8 4.224693963833951e-8 -4.359800190291427e-6 0.009928945839434003 3.4237681553053206e-7 2.1152680880999892e-7 8.535984537389868e-9 2.2413716889007553e-8 0.00024114592752002813 0.16122508420511192 5.27177806473212e-8 -1.1214903870015337e-7 -0.008792080067157256 0.11352097562222656
0.9999958138073711 0.5431549647012204 -4.746730888538012e-8 2.329851307840114e-8 -4.522558379816481e-6 0.00962721316634722 3.5999922902017543e-7 2.1832721711479354e-7 -1.9617237644668553e-8 3.200911020716274e-8 0.016035268575614426 0.15691080691864207 8.239663691725351e-8 -1.315292323762935e-7 0.0026960892348108015 0.11038397530724076
0.9999956573212611 0.54412335786382 -9.314546734541162e-9 6.927148370788863e-9 -4.684644926053183e-6 0.009337545616880698 3.6981619105117885e-7 2.2862658452858257e-7 -4.21083558415656e-8 3.4220024416421056e-8 0.03099016810110551 0.15116785723596649 8.946636906287027e-8 -1.2299087146949607e-7 0.013472125297527346 0.10624685329712895
0.9999954963378448 0.5450619697850929 -1.8837257747955614e-8 5.482495084711726e-9 -4.850092225959249e-6 0.009059344623525796 3.93982531366962e-7 2.3720687464472596e-7 -6.554449338868647e-8 6.11087941546886e-8 0.044988738789900846 0.14411587297797254 9.164104695883141e-8 -8.441005708958972e-8 0.023466539026598583 0.10121314211623936
0.9999953185362701 0.5459719714750262 -4.2768738946385247e-8 -6.3496836518415066e-9 -4.9989795891915526e-6 0.008792004279303243 4.0790411556985247e-7 2.5208272097127085e-7 -9.062832751386971e-8 9.454315848983433e-8 0.05792861933660606 0.1358827198838156 7.49049169127097e-8 -2.0926315739242224e-9 0.032621914586925385 0.09538907771101844
0.9999951454302327 0.5468545055443818 -5.1083580486323915e-8 -3.329228068885336e-8 -5.143560942246395e-6 0.008534983228790875 4.115387234336327e-7 2.719416894425704e-7 -1.1295676335483797e-7 1.2685959752033592e-7 0.06972265133177814 0.12660282906560347 5.67069773158606e-8 5.8392036198327116e-8 0.040892897294453744 0.08888244844098794
0.9999949595854666 0.5477106942983461 -5.531321804125724e-8 -1.1617433646456698e-7 -5.263173395687653e-6 0.008287710702485511 3.588023082799973e-7 2.8919916123377664e-7 -1.0208847121992317e-7 6.067715149567987e-8 0.08029911941537717 0.11641544904042841 5.3486376584326196e-8 7.889380770928347e-8 0.04824575291034342 0.08180135713708642
0.9999947677894686 0.5485415320606853 -8.242982017732037e-8 -1.969215799895461e-7 -5.433629578869596e-6 0.008049927150763645 3.219103357450138e-7 3.1307688252156987e-7 -1.1815229321081863e-7 1.8449074028516048e-8 0.08960173761981716 0.1054632081654628 7.275025968177126e-8 4.144450521180579e-8 0.054658034565344585 0.07425333207286225
0.9999945636464697 0.5493480933015646 -8.48403143817304e-8 -2.0508732642123862e-7 -5.489624442785579e-6 0.00782089038968355 3.4245895503022174e-7 3.745574066376658e-7 -1.8751404060627318e-7 6.493530235469709e-8 0.09758959543874243 0.09389025101200904 2.7846001046445345e-8 9.02927977923569e-8 0.06011810777161226 0.06634416241774807
0.9999943653115373 0.550131276259644 -9.987184587024443e-8 -2.3897165070316353e-7 -5.637177258446582e-6 0.007600384265890891 3.3541724463174605e-7 4.0765128788439667e-7 -2.4336123838278273e-7 9.086221649624563e-8 0.1042368035358972 0.08184107139829014 -3.6392504415521715e-9 1.1343281339348552e-7 0.06462475860572947 0.05817694745812177
0.9999941503105332 0.5508919344704136 -7.97732966173595e-8 -2.7491612999759693e-7 -5.787232177623999e-6 0.007387930809602657 3.1563088179997703e-7 4.387194526282885e-7 -2.728278436020059e-7 7.959724626635379e-8 0.10953229626685995 0.06945870033469612 1.037612801629898e-9 7.889166470064643e-8 0.06818629127621954 0.049851423468106504
0.999993964375123 0.5516308859603262 -7.3343936613356e-8 -3.141068472847739e-7 -5.917594744416797e-6 0.007183124669543883 3.210011876559752e-7 4.551160928190354e-7 -3.015835472940965e-7 8.389587879147479e-8 0.11347912516656931 0.0568834988526542 2.2738507051725643e-8 5.8627896950957524e-8 0.07082002653847644 0.041463024271517226
0.9999937969326114 0.5523489417548397 -7.362773182670301e-8 -3.5280163413323106e-7 -6.015317390954668e-6 0.006985625972243338 3.295930739987073e-7 4.5602633777406766e-7 -3.3164104651546307e-7 3.470914995774425e-8 0.11609393845533611 0.044251764250238274 4.4297107324724454e-8 1.6996752857812537e-8 0.07255171730505976 0.03310217724595387
0.9999936102622081 0.5530469684090636 -7.687382504343031e-8 -3.876505637743206e-7 -6.102093906283662e-6 0.006795095350441781 3.425476417087036e-7 4.2320685396657514e-7 -3.5892941224030127e-7 1.375662370969848e-8 0.11740611549173144 0.03169461667916188 3.350189685846582e-8 7.884185883194186e-8 0.07341457901529823 0.024853964543855155
0.9999934325765004 0.5537255791889556 -3.667590444230486e-8 -4.300416725823596e-7 -6.191481405291044e-6 0.006611278268509973 2.686479183137717e-7 4.060705283150876e-7 -3.880970597257976e-7 1.8338408238770818e-9 0.11745699743020549 0.019336885101545347 3.064125186254993e-8 1.3477340891538327e-7 0.07344864644939784 0.016797393706992174
0.9999932071589214 0.5543855007195896 -2.706940918355951e-8 -4.821885796115473e-7 -6.268612486452257e-6 0.006433821928105058 3.0235294600632574e-7 3.378274093068673e-7 -4.6050053616863316e-7 -3.16789420364117e-8 0.11629896506849075 0.007295992299407028 6.806582917050291e-8 5.879829395349577e-8 0.07270017614765964 0.009004930618355394
0.9999929901614071 0.5550273480921619 -2.5124658197551958e-8 -5.149650391609832e-7 -6.332330241424884e-6 0.006262410415764447 3.2752342411665173e-7 2.2927703124724058e-7 -5.099908808929317e-7 -4.7208981447849096e-8 0.11399430792202825 -0.004318629968963483 7.35905249643307e-8 3.5443293029628034e-8 0.07122037690349999 0.0015424309903600449
0.9999927722987906 0.5556517722390746 -2.2677082470441998e-8 -5.410965676521895e-7 -6.4083054862110805e-6 0.006096824490912052 3.3358843945051423e-7 1.1720569519967267e-7 -5.476069904445119e-7 -5.755318420403906e-8 0.11061437479779175 -0.015406515992051104 5.434518364529054e-8 4.7279934308465004e-8 0.0690650440629003 -0.005531306418569373
0.9999925753833063 0.5562594549085697 9.646569448705652e-9 -4.9387032726792e-7 -6.484255811420474e-6 0.0059368447127952 3.3664786675133895e-7 1.9380861425611165e-8 -5.626835715357913e-7 -7.47904547835995e-8 0.10623831309532766 -0.02587673367524457 5.321859008080124e-8 2.7239229293881754e-8 0.06629361925467422 -0.012164814431925965
0.9999923616028228 0.556850949601406 3.15096493986077e-8 -4.2559844901752997e-7 -6.5497851682031904e-6 0.005782178594091455 3.293578119211456e-7 -9.141230994723862e-8 -5.809829331967313e-7 -1.1831334535652149e-7 0.10095207330741522 -0.03564839986311343 4.378595384370065e-8 6.126735088391333e-9 0.06296834203616145 -0.01831369511095371
0.9999921455843733 0.5574267169669848 5.230775637461876e-8 -3.866547875211821e-7 -6.609488717881835e-6 0.005632602074446584 2.948183709708549e-7 -1.9805234560263042e-7 -5.931390363991931e-7 -1.6129183001066426e-7 0.09484717204211059 -0.04465109005604089 3.942184824823113e-8 -2.2269533919242374e-8 0.05915358778490607 -0.023940923010247087
0.9999919520656537 0.557987327675204 1.0686421502852505e-7 -2.85968403440133e-7 -6.689715718479015e-6 0.005487925398244463 2.732101141069433e-7 -2.8365436344258004e-7 -5.905310553164223e-7 -2.3170564469329306e-7 0.08801955530779634 -0.05282503000088712 8.167810051328856e-9 -9.36774519912933e-9 0.05491508871810072 -0.029016737473344982
0.9999917650521574 0.558533317400152 1.933922954142357e-7 -1.796428622918809e-7 -6.766687511012847e-6 0.005347935576666811 2.4803543726731736e-7 -3.644885450108993e-7 -5.846967556330661e-7 -2.944235285175003e-7 0.08056848476197559 -0.06012132447021259 2.5110971150432436e-9 -1.1972396089485097e-8 0.050319225811363194 -0.0335184580622682
0.9999915882897662 0.5590652127891583 2.3679299881410726e-7 -9.145481880077949e-8 -6.8406507644680875e-6 0.005212415339105734 2.2103344705083412e-7 -4.242891472571211e-7 -5.834968929380122e-7 -3.667257829548328e-7 0.07259534909939165 -0.06650192630532076 -7.772520606566493e-9 2.0980444273376276e-8 0.04543227555885947 -0.03743047966012893
0.9999913704787764 0.5595836508140408 1.8507698857079927e-7 -7.286748234447016e-8 -7.0211080710420075e-6 0.005081431054032757 1.2271141952012794e-7 -4.93976277647047e-7 -5.920014416726027e-7 -4.036239535959097e-7 0.0642025929640191 -0.07193962557668174 -9.271316330662894e-8 2.2499371210039775e-7 0.040319910776036506 -0.040743890339596286
0.9999912128351945 0.5600889030645445 5.226030837440909e-8 -3.864651918279226e-8 -7.096755270592801e-6 0.004954342058265863 8.414617347985569e-8 -5.522975590994543e-7 -6.101053178766696e-7 -4.162487371844116e-7 0.05549281665080298 -0.07641772448408395 -9.63081321889679e-8 2.835003236886428e-7 0.03504668751555537 -0.04345606176618183
0.9999910569993974 0.5605814255191021 -3.447279270161206e-8 2.78238678721035e-9 -7.170917450370559e-6 0.004831213690207537 7.42274148968002e-8 -5.934810653877811e-7 -6.531413765206736e-7 -4.0716379187131663e-7 0.04656741092835439 -0.07992997270631855 -7.67687776150763e-8 3.5130446263409587e-7 0.029675112415480098 -0.045570801252129686
0.9999908985286629 0.5610616236583476 -1.2778165663821474e-8 4.589924132553907e-8 -7.242658946301732e-6 0.004711880294658514 5.2095709409007615e-8 -5.921325548425398e-7 -6.75258823438254e-7 -4.3377739912257795e-7 0.03752577983074 -0.08248009470801054 1.293804457562139e-8 3.3461743467737926e-7 0.02426540263462818 -0.047097501676984156
0.9999907435849026 0.5615298987194716 5.7547705153904724e-8 4.777901590061701e-8 -7.277033924093386e-6 0.0045961712902145195 6.683970965085953e-9 -5.920791156671358e-7 -6.88884888940212e-7 -4.3229709375854216e-7 0.028464416580856945 -0.08408129260324215 7.244451774594621e-8 2.672005924957434e-7 0.018874829683109592 -0.048051094017278057
0.9999906369664143 0.5619865137971971 1.1918989199473367e-7 3.3895391233570886e-8 -7.326127920348189e-6 0.004483976119628743 -7.698758902829644e-8 -6.668460350274521e-7 -7.15519970520598e-7 -4.3067211565371253e-7 0.019476143430400678 -0.08475574883681647 1.1188975922856491e-7 2.1327645382389858e-7 0.013557691231798969 -0.048451163051978656
0.9999905500209109 0.5624317706420439 1.4071658037697197e-7 1.7466666119482186e-8 -7.378695600815947e-6 0.004375253455986231 -1.772404361677022e-7 -7.136811489682117e-7 -7.516086144826955e-7 -4.0847019875589684e-7 0.01064929706582259 -0.0845341448216523 1.1272308378861235e-7 2.0598482938204412e-7 0.008364864095592776 -0.048321870686316874
0.9999904598053551 0.5628660833748378 1.6499457213076125e-7 7.723500897811154e-9 -7.411633119388951e-6 0.004269792397969422 -2.640138975744154e-7 -6.991886741477615e-7 -7.782513492608685e-7 -3.9568902228121935e-7 0.0020669448360711097 -0.08345485436834679 1.1521768944247059e-7 1.9210381340627157e-7 0.0033431658317490884 -0.04769139976059657
0.9999903152359436 0.5632897512459065 1.9875282327631882e-7 1.1117053006026414e-8 -7.454044129365042e-6 0.004167477649010661 -2.925529275307308e-7 -6.781049134414452e-7 -7.927282155482974e-7 -4.279662151286279e-7 -0.0061936772898771265 -0.08156323849830945 4.860389434189221e-8 2.0495466252304966e-7 -0.0014646549040368778 -0.04659149173501509
0.9999901845564498 0.5637030855442102 1.8546729614035346e-7 -2.46644616996189e-9 -7.463816094099568e-6 0.004068124093594189 -4.117704622050161e-7 -6.655018438502505e-7 -7.913935985649799e-7 -4.595265431700412e-7 -0.014061665546259289 -0.07891121441975492 4.923164918596793e-8 1.8578554455814369e-7 -0.0060201420266816665 -0.045057140077567226
0.9999900833389498 0.5641064780834895 1.8445375599344694e-7 -2.5843403765022517e-8 -7.476603439332784e-6 0.003971682108566521 -5.145427726072677e-7 -6.487428436366148e-7 -7.838010024920398e-7 -4.983264315534984e-7 -0.021472899722891906 -0.075556074834789 8.242405521120646e-8 1.0631410855644451e-7 -0.01028931459653755 -0.043125627310292056
0.9999899516211725 0.5645001890248131 1.6177271456856504e-7 -3.286873498394048e-8 -7.4864274641823735e-6 0.0038780732607244872 -5.906692923811587e-7 -6.219785376826741e-7 -7.749763684083698e-7 -5.321462334451138e-7 -0.028370443319615808 -0.07155991096644661 1.1700774880695596e-7 3.7826867491642353e-8 -0.014242776705866782 -0.04083638611162662
0.9999897985848788 0.5648845174820105 1.306593841066907e-7 -1.3668379183909392e-8 -7.492112032521865e-6 0.0037871862638824538 -6.577711085122008e-7 -5.933593084347279e-7 -7.675095993659772e-7 -5.532497314360682e-7 -0.03470481074974303 -0.06698874176040698 1.420153573024565e-7 3.277794389981841e-8 -0.017855720283356184 -0.038230407165554134
0.9999896409991015 0.5652598363014593 1.413723304340276e-7 4.4168310679851515e-8 -7.5003758486537085e-6 0.003698921699869994 -7.11462757324537e-7 -5.332249401169363e-7 -7.861637883460679e-7 -5.879770584963795e-7 -0.04043407899980934 -0.06191170574592436 1.5584737924284652e-7 2.8498497437156812e-8 -0.021108002517421925 -0.035349760678243095
0.999989521806264 0.5656262324953364 1.700151162094049e-7 1.0757388888567507e-7 -7.540327977226198e-6 0.0036131891847603105 -7.654783646474345e-7 -5.226121992128399e-7 -7.808848262444459e-7 -5.231128327663402e-7 -0.04552410542003241 -0.056400347966083064 1.8335482303080228e-7 1.131210249300376e-7 -0.02398393390370996 -0.03223717580407445
0.999989443793744 0.5659839879004743 1.8335344423407156e-7 1.1752817873493215e-7 -7.54284066072192e-6 0.0035298561692830195 -7.614124142252181e-7 -5.716961599104657e-7 -7.88287505390899e-7 -4.867984803446269e-7 -0.049948747352984255 -0.050527645301529485 2.131829757458596e-7 1.0768128800197807e-7 -0.02647255221238411 -0.028935670808360476
0.9999893802993512 0.5663332962957216 1.6851905335436545e-7 1.5871758006932808e-7 -7.52597694303806e-6 0.0034488977049053687 -7.54724657848616e-7 -5.891112369812969e-7 -7.937965964056441e-7 -4.5369558146420296e-7 -0.053689256043676345 -0.04436729554626833 2.3815364822097136e-7 1.4055686811188893e-7 -0.02856690132897918 -0.025487984958835284
0.999989302257379 0.5666745083110162 1.5190172365584076e-7 2.4017307001494783e-7 -7.489311860135531e-6 0.003370212409002109 -7.597130155491713e-7 -5.57466249590198e-7 -7.909490983397739e-7 -4.2845559920473695e-7 -0.05673458763521502 -0.0379929976601884 2.6267334333339223e-7 1.8543640424235926e-7 -0.03026456742934918 -0.0219363057415521
0.9999892027848999 0.5670079700911039 1.3583128591764942e-7 3.496179572398705e-7 -7.44132072069031e-6 0.0032937089357371026 -7.814407522886418e-7 -4.958330270269865e-7 -7.777573976981241e-7 -4.0992720147424446e-7 -0.05908108815232775 -0.03147770377517742 3.1910833393186826e-7 1.9073698522933962e-7 -0.03156716196155084 -0.018321766285368198
0.9999890857490552 0.5673339282952508 1.2302454811836185e-7 4.4799972473955007e-7 -7.409201184190541e-6 0.0032193370096473568 -8.077900625135283e-7 -4.1381855981162204e-7 -7.775271738028163e-7 -3.8990414769507325e-7 -0.06073225904380489 -0.024892911897876166 3.462648354112811e-7 1.9481518921807902e-7 -0.03248003533982435 -0.014684203846844641
0.9999889427513304 0.56765250542567 1.2098387844412407e-7 5.345991420708167e-7 -7.3765685096156285e-6 0.003146982227829088 -8.208372469947887e-7 -3.119943061001267e-7 -7.884842279333907e-7 -3.8438508288070596e-7 -0.06169846313040916 -0.01830798175328401 3.6718871019120083e-7 1.779769979801403e-7 -0.03301220677269183 -0.01106171049336086
0.9999887815732378 0.5679637464484628 1.2946227911636724e-7 6.718349118706802e-7 -7.366202013189979e-6 0.0030766124047814478 -8.186632834142736e-7 -2.11799993876488e-7 -8.051217325930986e-7 -3.6862315584540266e-7 -0.061996471561681754 -0.011789615041849453 3.643021466247383e-7 1.962020505749846e-7 -0.03317605773825839 -0.007490480761693334
0.9999886458302981 0.5682676928654011 1.6176826624803042e-7 7.287042582387273e-7 -7.341291638714053e-6 0.003008132714517499 -7.995702213873078e-7 -1.1293169405137593e-7 -8.129889599271059e-7 -3.6193899996978453e-7 -0.06164913948314067 -0.005401228121551596 3.7030866705554235e-7 2.1401015344841447e-7 -0.03298706613702727 -0.004004454261944362
0.9999884610769458 0.568564698407384 1.7874423393610577e-7 7.30643272431931e-7 -7.318584995913045e-6 0.0029414970855360057 -7.696739375818672e-7 -1.303094226350855e-8 -8.225805884866714e-7 -3.484399378427418e-7 -0.06068489460783509 0.0007975343888948986 3.9200471246674846e-7 2.2814650456082968e-7 -0.032463473790284615 -0.0006350913850725712
0.9999882707369526 0.5688550551040032 1.85342020372467e-7 7.032369467705498e-7 -7.284918533569506e-6 0.0028766331245077413 -7.375834607081806e-7 8.739348274457426e-8 -8.389885279159686e-7 -3.291601838358073e-7 -0.059137244977159574 0.006751228714250427 4.0199206174115184e-7 2.5660208220398363e-7 -0.0316259381440007 0.0025887151219909136
0.9999880408411059 0.5691389620080256 1.6784884084373445e-7 6.474089900125674e-7 -7.255231478339299e-6 0.0028134955911622165 -6.936278849900542e-7 1.9205577956312768e-7 -8.569041107342351e-7 -3.252375351666373e-7 -0.057044248862208435 0.012409000696543755 4.1408624762393084e-7 2.7232636007192425e-7 -0.030497341928267502 0.0056408267274743245
0.9999877766210262 0.5694164182930782 1.639352538195414e-7 6.048133332439988e-7 -7.2301060506744705e-6 0.002752039212280322 -6.320409803825762e-7 3.0473075927118147e-7 -8.780542447809155e-7 -3.1540198787803603e-7 -0.05444796499781096 0.017724939774018938 4.230055669762e-7 2.980091289278271e-7 -0.029102365944691476 0.008498028178475198
0.9999874741070085 0.5696876145873331 1.7811857719050762e-7 5.919301252842687e-7 -7.200640616179881e-6 0.002692191222857087 -5.57400200527712e-7 4.1136203871740846e-7 -8.9382582651937e-7 -3.069461205649382e-7 -0.05139383382790216 0.02265832706811322 4.3295178846045394e-7 3.20257287692735e-7 -0.027467142682593638 0.011140106525150868
0.9999871676545408 0.5699528773986906 1.884480167892154e-7 5.799167481730601e-7 -7.1811985297978e-6 0.0026339111447354806 -4.6412562143418693e-7 5.229975253962093e-7 -9.090367478972177e-7 -3.16506359466965e-7 -0.04793020484859043 0.027173797567180163 4.461442482614304e-7 3.37556526446475e-7 -0.025619148912132763 0.013549868417421028
0.9999868610095036 0.5702123063626756 1.705531307371916e-7 5.496707239573473e-7 -7.1677763628585465e-6 0.0025771537457186587 -3.4720520875560837e-7 6.312569716841723e-7 -9.180578606578197e-7 -3.35053339962126e-7 -0.04410764791629092 0.031241550630420813 4.641620444777144e-7 3.410727869409168e-7 -0.023586604227087797 0.015713228665118956
0.9999865548443464 0.5704661711313659 1.60515062264578e-7 5.211942749240382e-7 -7.15875759696471e-6 0.0025218789987476098 -2.247560040808284e-7 7.263742749806357e-7 -9.270216111895928e-7 -3.58962206958958e-7 -0.03997841104057077 0.03483740153973837 4.696269363913376e-7 3.5509539230124505e-7 -0.02139832367053766 0.01761922127233807
0.9999861757460592 0.5707147203048603 2.3057423316349036e-7 5.327912250737647e-7 -7.164019659923647e-6 0.002468021707219969 -9.714008327730892e-8 7.979500884353104e-7 -9.252739656080851e-7 -3.775872735231363e-7 -0.035595839067258814 0.03794278676779218 4.824560827298006e-7 3.512874793184399e-7 -0.01908338675320498 0.0192598403924567
0.9999857703897719 0.5709577990689386 3.0850051318352154e-7 5.423219403823113e-7 -7.177317583317018e-6 0.0024155174564522153 2.7160805508259187e-8 8.434440631462219e-7 -9.245905784484125e-7 -3.8153697160317564e-7 -0.03101377135933593 0.04054478065743402 4.946244802439397e-7 3.482323048204209e-7 -0.016670820182835507 0.020630098051151072
0.999985360353551 0.5711954612807296 4.165341733072371e-7 5.503691261274932e-7 -7.180992777991805e-6 0.0023643057963271554 1.341720748191437e-7 8.718645057365787e-7 -9.254934026282444e-7 -3.899745856101159e-7 -0.026286038210338078 0.04263597732189554 4.970329535037126e-7 3.2927733213833695e-7 -0.014189313393052305 0.021727926352474777
0.9999850142858314 0.571428042599843 5.21146754511456e-7 5.025962004854805e-7 -7.177681449315671e-6 0.00231435743954857 2.0941728572288683e-7 8.730723514672034e-7 -9.198620210476516e-7 -4.008806206544987e-7 -0.02146596959499577 0.044214371269659145 4.983731783490543e-7 3.465537321049649e-7 -0.01166720068193175 0.02255402662529464
0.9999846501325168 0.5716556391238242 5.724442912895692e-7 4.1171198630322004e-7 -7.174600626286102e-6 0.0022656279346061547 2.754019027226256e-7 8.458073168591363e-7 -9.307842172407622e-7 -3.8564143808461884e-7 -0.01660573990126997 0.04528328383957993 5.081069587360165e-7 3.3331240183111004e-7 -0.00913169017300507 0.02311179954823264
0.9999843341609361 0.5718784040255214 4.6661550321668863e-7 3.0117549665651514e-7 -7.174675267564955e-6 0.0022180886552486167 3.319520030863949e-7 8.18044420248589e-7 -9.513810673809812e-7 -3.6327754881081864e-7 -0.011755815197266518 0.04585075306451414 5.08875442470245e-7 3.568562665038567e-7 -0.006608862711601528 0.023407128812838247
0.9999839636523754 0.5720965615321145 2.869077105936313e-7 2.04753068836113e-7 -7.186340373425593e-6 0.002171732299650357 3.926061792602467e-7 7.904903011666423e-7 -9.736332961790267e-7 -3.4385640173020966e-7 -0.006964830081419952 0.04592968434011362 5.139153543489784e-7 3.805900311167238e-7 -0.0041238181996299805 0.023448200524927316
0.9999835773955366 0.5723100464828831 1.2970743451519482e-7 1.2723973789447277e-7 -7.194975282526934e-6 0.002126492494825653 4.5521507593365927e-7 7.502575101746645e-7 -9.888064451263076e-7 -3.3136797914683063e-7 -0.002279039965561355 0.04553736917135248 5.201308216873467e-7 3.9563733353221036e-7 -0.0017001707271601257 0.02324539858227032
0.9999833280773431 0.5725189772706316 3.0040867488059357e-8 1.0493201132486254e-7 -7.1871872399192005e-6 0.00208235441088634 5.243516189336348e-7 7.172457564740972e-7 -1.0068033944133138e-6 -3.25937574856933e-7 0.0022580744927915303 0.04469520313612638 5.297048841734368e-7 3.966561815410306e-7 0.0006401423653723978 0.022811215636387352
0.9999829904913142 0.5727237013673545 -1.2095556645243879e-7 1.1487955325865664e-7 -7.193096859559644e-6 0.0020393096830460585 5.700549394878945e-7 6.861409499755045e-7 -1.0254573934361463e-6 -3.2632895702452866e-7 0.006606192742290072 0.04342826655527236 5.379405309881452e-7 4.034525920351509e-7 0.002876946735902582 0.02215960384682584
0.9999826619743704 0.5729241622089524 -2.7679080980091365e-7 1.5751411682986607e-7 -7.200890229221362e-6 0.0019973020283435418 6.196328163753237e-7 6.658180222667493e-7 -1.0431895037735668e-6 -3.3236717501152926e-7 0.010728342798724713 0.04176496395298352 5.508406717270997e-7 4.001995048621912e-7 0.004992007422068474 0.021306341998141902
0.9999823448412549 0.5731204392765586 -4.675669908028072e-7 2.2824917831074103e-7 -7.2045726713422285e-6 0.001956308060901654 6.662677419994587e-7 6.38461438979277e-7 -1.0590211937441708e-6 -3.396622249538736e-7 0.01459117105501356 0.03973659656042632 5.633925376984126e-7 4.025543191943711e-7 0.006968982055068908 0.02026841277379617
0.9999820408905113 0.5733127289800709 -6.580103058109812e-7 3.4461498456910777e-7 -7.215166972735232e-6 0.001916297524150624 7.14333648218014e-7 6.141355040200153e-7 -1.076108929954477e-6 -3.456412172285312e-7 0.018165150071522005 0.037377003730692436 5.74929868017532e-7 4.139067043232302e-7 0.008793620351541083 0.019063974569183288
0.9999816626052352 0.573501160725374 -7.745750166097868e-7 4.3837322463728665e-7 -7.2202913405681e-6 0.0018772289912326176 7.614625959028871e-7 5.801142701342271e-7 -1.0927278122433803e-6 -3.5488857951222476e-7 0.02142471893543134 0.03472206559831552 5.795309581684225e-7 4.2404091785363797e-7 0.010453741935506937 0.017712024984475088
0.999981244873199 0.5736857264905517 -8.427278688350615e-7 5.178410291335769e-7 -7.230435836775306e-6 0.0018390962927741573 8.138267363220084e-7 5.396142815691321e-7 -1.1074049877614722e-6 -3.6854870976571453e-7 0.024348395548972234 0.03180932691564609 5.791482321052932e-7 4.3018951931787846e-7 0.011939336743296454 0.016232265977875842
0.9999805391015523 0.5738666513172337 -9.965201303251155e-7 8.926306687259815e-7 -7.268832000191201e-6 0.0018019696307539864 8.349254729185118e-7 5.638604940679011e-7 -1.1191568052369944e-6 -4.234809528381786e-7 0.02691875746734979 0.028677354759538153 5.678621093399575e-7 3.035032781943019e-7 0.013242944109530846 0.014643918301420365
0.9999797273474437 0.5740433625458917 -9.422290826389307e-7 1.0562014240346932e-6 -7.385748127605468e-6 0.0017655490585426338 9.225848863577933e-7 5.796411202241618e-7 -1.1337787635518345e-6 -4.5149918206063436e-7 0.029122909679683093 0.025365702169184108 6.194234702099952e-7 3.5971835610091594e-7 0.014357881436036658 0.012968598987689848
0.999979034323899 0.5742165203633043 -9.511200343580566e-7 1.1633322141365069e-6 -7.291698318317054e-6 0.0017301030702801742 9.096169654427206e-7 3.7789039339009727e-7 -1.1475563398719547e-6 -5.083302098884549e-7 0.030951432519461135 0.021914514207315453 4.7527832394668305e-7 2.560934147239429e-7 0.015280915621675554 0.011225809163634727
0.9999783082444113 0.5743862184442768 -8.828786273815762e-7 1.5143006094723668e-6 -7.3520080255860035e-6 0.0016956349974139324 9.204868353032075e-7 4.335590536015678e-7 -1.1185833262008345e-6 -4.756937438823149e-7 0.03239971871235189 0.01836232290532902 4.2461488371587066e-7 2.9641962490992516e-7 0.016010721058147666 0.009434333111847878
0.9999776411135627 0.5745527230950981 -7.205711052687746e-7 1.56852128233008e-6 -7.396587020286167e-6 0.0016618122835737731 1.0297034086683915e-6 1.659214261891513e-7 -1.1063123626323559e-6 -5.094607689149404e-7 0.03346628098688145 0.014751574241951478 4.4270114358408833e-7 3.4417618158483434e-7 0.01654634000569893 0.007620616554398578
0.99997683717526 0.5747160840085561 -6.390456092659686e-7 1.6704891080287329e-6 -7.426297772815487e-6 0.0016288241250626266 1.055956754184119e-6 7.159569833219496e-8 -1.1061094795699764e-6 -5.242896694006439e-7 0.0341544017471187 0.01111889124069622 5.321380872842393e-7 2.506168932527457e-7 0.016891033024393595 0.005798290924418448
0.9999759529590376 0.5748758539578096 -5.337305209092954e-7 1.61532437006978e-6 -7.441199019591472e-6 0.0015965739270552245 1.0477667308515641e-6 1.938200191578838e-8 -1.0982082491673543e-6 -4.7460587169092667e-7 0.03447057529324176 0.007501686816198464 6.018142026732931e-7 3.57737815203056e-7 0.01704912930769341 0.003987266503416749
0.9999750979858548 0.5750323705293163 -4.6325314117353474e-7 1.4915657134870955e-6 -7.4104061013248425e-6 0.001565092763183847 1.0568402054298436e-6 -8.121367052239702e-8 -1.0911640844604784e-6 -4.817271155186945e-7 0.03442486409403357 0.003936048043781322 6.719871108114427e-7 3.9153902508107893e-7 0.017026188497043994 0.002205622616750684
0.9999742546631454 0.575185595666248 -5.114722568301781e-7 1.220884386762236e-6 -7.3894219599628855e-6 0.0015343973374961103 1.0416936007820778e-6 -2.521722266149523e-7 -1.0849146059195865e-6 -5.22986416647524e-7 0.034030487419926723 0.0004559736758170067 7.521084387984985e-7 4.3159542656032156e-7 0.016829491311519534 0.0004701071433071109
0.9999734525459011 0.5753357380592866 -6.301278804289289e-7 1.0926431743855934e-6 -7.1634674519464576e-6 0.001504480093156573 1.1414221301581874e-6 -7.27861137467494e-8 -1.0514528038304802e-6 -4.838681551245631e-7 0.03330381514482968 -0.0029060434474363784 6.627387332609728e-7 3.6901819705111746e-7 0.0164671426798809 -0.0012046888537025969
0.9999727389924201 0.5754828116824828 -6.254443673405179e-7 1.2928522510179984e-6 -6.981201371446511e-6 0.0014750168912221447 1.0266225937106087e-6 -4.0100050303553777e-7 -1.0252647882142275e-6 -4.971094074637115e-7 0.03226404956253716 -0.006120446517772258 6.586977093774943e-7 3.429336412992113e-7 0.01595009287771554 -0.0028021926136372046
0.9999720065438455 0.575627139376976 -6.153349348144471e-7 1.5308177561099784e-6 -6.811412536884983e-6 0.0014462568501247166 9.516658563329311e-7 -5.559085965992787e-7 -9.88759645152005e-7 -4.858110998304103e-7 0.030932603546868297 -0.009160172851070092 6.677160923474513e-7 3.9028139386450633e-7 0.015289285834639201 -0.004310299199014295
0.9999713649853852 0.5757687459623456 -6.089266338134275e-7 1.7015762326483306e-6 -6.633216869954835e-6 0.0014181215244679528 7.617513531335278e-7 -7.714407382746266e-7 -9.581886385083289e-7 -4.922893188657699e-7 0.029331950850615258 -0.01200177151439201 6.935694329176863e-7 4.2527020977090953e-7 0.014494236913259892 -0.005720336268227847
0.9999707845421342 0.5759071528195161 -5.620191137370656e-7 1.8804808122617708e-6 -6.458253678510445e-6 0.0013905785549735482 7.010396562556585e-7 -8.051268484495672e-7 -9.484287546317177e-7 -5.001938681310639e-7 0.027490031056458527 -0.014620729201364133 6.766485419439431e-7 4.1069705867567137e-7 0.013582821734807378 -0.00701514987332848
0.9999699255366585 0.5760428229570579 -7.791284005498841e-7 1.86994469234033e-6 -6.313428035194634e-6 0.0013636674106857292 6.150605333276801e-7 -8.62715192839161e-7 -9.369857653608286e-7 -5.068789837466725e-7 0.025432759770852777 -0.017000081077657766 6.638189254612546e-7 3.888989793110096e-7 0.012566542290672517 -0.008189606173570405
0.9999691048806995 0.5761761857532124 -8.061838992814715e-7 1.9956030045733933e-6 -6.15955495313086e-6 0.0013373867135487874 5.456217025167772e-7 -9.015725886129252e-7 -9.178673523146624e-7 -5.19287488661592e-7 0.0231883330275809 -0.01912416345191122 6.559736833829714e-7 3.606658511627994e-7 0.011459491584246664 -0.009236475126623496
0.9999682696893648 0.5763072028404251 -8.434273415604149e-7 2.095780686251744e-6 -6.009476409400397e-6 0.0013117095362278086 4.3300323277871646e-7 -9.49371652413501e-7 -8.996456157003066e-7 -5.327401524417558e-7 0.02078579473252261 -0.020980453008803045 6.466060536324771e-7 3.335426779149822e-7 0.010276160712666123 -0.01014999077201581
0.9999674023576944 0.5764357408932616 -8.056693406096704e-7 2.236754016100797e-6 -5.859237365026938e-6 0.0012865663072921414 3.4120440041798523e-7 -9.692009509824632e-7 -8.776407421769515e-7 -5.745447413133191e-7 0.01825513395524235 -0.022559380768155588 6.396977332035551e-7 2.9564152089642336e-7 0.009031543397195358 -0.010925817468247872
0.9999666445015064 0.5765616936363538 -6.191717470310503e-7 2.424316944374579e-6 -5.71019543992742e-6 0.0012619854629365584 3.0746364440693296e-7 -9.597325241839878e-7 -8.431875326102454e-7 -6.004217221055348e-7 0.015626139942181975 -0.02385482900981094 6.377245971200254e-7 2.586686980905084e-7 0.007740414804605079 -0.011561406954371238
0.9999658252579686 0.5766849672014647 -4.1432168176142643e-7 2.614598387845829e-6 -5.561628246646813e-6 0.0012379343555020887 2.429785801918965e-7 -9.555452227810617e-7 -8.191622699988612e-7 -6.015733882352793e-7 0.012928498054117256 -0.024863428226437626 6.307880482323232e-7 2.3797973968753481e-7 0.00641721832066083 -0.01205551354777314
0.9999650468620163 0.5768057926881521 -1.2017372215258835e-7 2.7938135002689936e-6 -5.414418808833768e-6 0.0012143960630164635 1.5986482581486077e-7 -9.477206734801052e-7 -8.039736576934579e-7 -6.056557935249526e-7 0.010192364547144898 -0.025584860915999125 6.190677868565673e-7 2.1947326502576026e-7 0.005076971786947654 -0.012408321888956736
0.9999642261929157 0.5769242075629564 1.46879284836415e-7 2.8996849268361796e-6 -5.268172549761078e-6 0.0011913661759666023 7.842377351316775e-8 -9.313631306310099e-7 -7.922223300516801e-7 -5.964762123650463e-7 0.007446211670465767 -0.026021803187124576 6.063208611104004e-7 2.1179611648679563e-7 0.0037334836376746797 -0.012621538563558427
0.9999633740195869 0.577040330628441 3.11564444936959e-7 2.9534441291451525e-6 -5.1221041402368065e-6 0.0011688378040564237 6.716009795718434e-9 -9.102034487596196e-7 -7.855602648127338e-7 -5.921472500805743e-7 0.004718177833265893 -0.026179595878953098 5.903552942182775e-7 2.050975525396735e-7 0.0024004567456282584 -0.01269810803392515
0.9999625301668601 0.5771544308582517 3.589786472780578e-7 3.033232938179803e-6 -4.9792310696770085e-6 0.0011468088956903472 -6.54742459893164e-8 -8.809826431885459e-7 -7.733826249312258e-7 -5.960749416695396e-7 0.0020351326485598506 -0.0260662307148024 5.761641646146373e-7 1.9296105594890016e-7 0.0010909296879646855 -0.012642251419544875
0.9999616647891412 0.5772667453196643 3.4876522882888703e-7 3.1281221781236015e-6 -4.83334185964337e-6 0.001125252374113338 -1.2970707731386208e-7 -8.435172609515539e-7 -7.710175137145846e-7 -6.074058410324452e-7 -0.0005774659251001463 -0.025692109780558827 5.755128204200758e-7 1.8462129695756303e-7 -0.0001827675574456632 -0.012459305404866915
0.999960753645597 0.5773770169401821 3.387872155594129e-7 3.241052208967119e-6 -4.687879805716852e-6 0.0011041600125064087 -1.858710012731104e-7 -7.980235018629352e-7 -7.600889673466189e-7 -6.189499963631582e-7 -0.0030956490205779593 -0.025069889728620037 5.694663560728002e-7 1.7128638818342268e-7 -0.0014091208518597807 -0.01215574388641302
0.9999597963480582 0.5774851519071171 3.8693836385856343e-7 3.400365098238758e-6 -4.546045877969993e-6 0.0010835028263984927 -2.378806296451715e-7 -7.416986707271709e-7 -7.431148782083256e-7 -6.19050343299289e-7 -0.005497244868613828 -0.02421430052575356 5.663102386344208e-7 1.673763290577492e-7 -0.0025774890416575256 -0.01173896552717722
0.9999587207701678 0.5775914338742778 4.487651385303606e-7 3.5344919145534093e-6 -4.396971822730247e-6 0.0010633022396092787 -2.68330578422879e-7 -6.908052457736039e-7 -7.259964167796906e-7 -6.249049984903441e-7 -0.0077620920925619286 -0.023141825854942694 5.64430069657884e-7 1.5379863270607568e-7 -0.003678231947537191 -0.011217178099595045
0.9999575735363126 0.5776955746737366 5.487025425883245e-7 3.6778145620620344e-6 -4.245199718545192e-6 0.001043529021811173 -2.9191627133398145e-7 -6.403740830782502e-7 -7.101127956861184e-7 -6.344178447750786e-7 -0.009871958098193882 -0.02187063001018687 5.620487967381901e-7 1.386990606821621e-7 -0.004702661827207412 -0.010599386655351319
0.9999563941249451 0.5777976596777551 6.728397476089386e-7 3.798857672155822e-6 -4.090543544559528e-6 0.0010241773427796769 -3.118150118497666e-7 -5.901793482071042e-7 -6.923512599546719e-7 -6.464317422705248e-7 -0.011810824196721713 -0.02042022759229341 5.614676817220878e-7 1.2206975913074703e-7 -0.005643184552833826 -0.00989521161778522
0.9999552114670042 0.5778976170721623 8.057826073119891e-7 3.949360795689693e-6 -3.933011286522255e-6 0.0010052343196346823 -3.2720783473157215e-7 -5.42699015311467e-7 -6.713638640084253e-7 -6.602780401040843e-7 -0.013564898582564957 -0.018811294218460863 5.642066280343173e-7 1.0461039752750204e-7 -0.006493292839659591 -0.00911480319387335
0.9999540262983497 0.5779954991123326 1.051040633126676e-6 4.0070302043134985e-6 -3.7766659673500106e-6 0.000986691008858496 -3.403346886189262e-7 -4.906050666394201e-7 -6.51947051557688e-7 -6.704546807499038e-7 -0.01512272501010318 -0.017065360794900643 5.669149482933768e-7 8.948892253661039e-8 -0.007247618408354669 -0.008268688219853288
0.9999528085727377 0.5780917207827945 1.4920108475177003e-6 3.85974935754232e-6 -3.6178655735073804e-6 0.0009685360812915755 -3.4538435445687227e-7 -4.5418070377625897e-7 -6.303165367118343e-7 -6.83896324442235e-7 -0.016475224908386325 -0.015204558480280505 5.722973809040497e-7 7.043923433023238e-8 -0.007901952635120519 -0.00736765499410953
0.9999515171633624 0.5781864823594982 2.0854183660955948e-6 3.4238546699551293e-6 -3.460889728098245e-6 0.0009507658283193271 -3.498804094423968e-7 -4.2188049138166436e-7 -6.062756679225256e-7 -6.986902730122623e-7 -0.01761561992593957 -0.013251525189454418 5.789585648594295e-7 5.054626817646494e-8 -0.008453190749540417 -0.006422705534225236
0.9999500229439436 0.578279627418273 2.660927950584879e-6 2.8345272558464625e-6 -3.2994106440220167e-6 0.0009333634345366632 -3.531088338933367e-7 -3.844410312063571e-7 -5.792710147151631e-7 -7.148395502687807e-7 -0.018539512574849995 -0.011229028387742625 5.867317583741934e-7 3.232914481033005e-8 -0.008899375004840298 -0.005444875015546482
0.9999484577868818 0.5783707768509369 3.2575383667340847e-6 2.192667976662934e-6 -3.1353067591745425e-6 0.0009163123961746472 -3.532492611600306e-7 -3.522252081022168e-7 -5.467215132883002e-7 -7.195406860129629e-7 -0.019244821066760703 -0.009159700886652161 5.849689625946382e-7 1.7187485761998588e-8 -0.009239686669736766 -0.004445106506507381
0.999946879821075 0.5784602364198879 3.840301630482712e-6 1.3516130180582713e-6 -2.970853879461571e-6 0.0008996318491156055 -3.516553971398884e-7 -3.279806557938241e-7 -5.124006915199927e-7 -7.225334658422875e-7 -0.019731707352558112 -0.007065916426314437 5.904742161717667e-7 2.3967871020267727e-9 -0.009474320804221194 -0.003434199730061382
0.9999453211172058 0.5785478321579385 4.384728204093978e-6 3.3648835542052886e-7 -2.802408955906002e-6 0.0008832964532392091 -3.452813946882351e-7 -3.0303975856005216e-7 -4.79656864910462e-7 -7.275395093419807e-7 -0.020002514116796644 -0.004969581704919364 6.080042803873078e-7 -9.797901266815542e-9 -0.009604539950428571 -0.0024227076790862777
0.9999437909829562 0.5786338432659837 4.893860389402451e-6 -1.5569079112077424e-7 -2.638925685518523e-6 0.0008672771054852788 -3.755202800015886e-7 -4.219948569027922e-7 -4.4391703493987396e-7 -7.827820130282738e-7 -0.020061718649077652 -0.002892133826118236 6.152899311092684e-7 3.8891039776678136e-9 -0.009632768022034234 -0.0014216665938699866
0.9999424122830658 0.5787181291229576 5.353044897361074e-6 -7.953143961521994e-7 -2.4685538499283436e-6 0.0008516171690786725 -4.1549755852610806e-7 -4.151031117566235e-7 -3.9494947421191443e-7 -7.882420888930748e-7 -0.019915694483162286 -0.0008535363607940828 5.959237344416955e-7 -1.8864113670891654e-8 -0.009562145856304258 -0.0004392780607854969
0.9999410754366832 0.5788008211918989 5.750180382143018e-6 -1.5436588638076795e-6 -2.2835895306080083e-6 0.0008362882275152921 -4.4505018767231516e-7 -3.901483006546258e-7 -3.263785927934668e-7 -7.834100680705666e-7 -0.019572674166787075 0.0011269381473233652 5.911831887335671e-7 -4.051721143973169e-8 -0.009396543366572231 0.0005147190244328192
0.9999397754441081 0.578882145676171 6.04923676187458e-6 -2.305742697809526e-6 -2.1015995704769395e-6 0.0008212682578692699 -4.768719323919131e-7 -3.585404727270797e-7 -2.582742102066095e-7 -7.771893072454168e-7 -0.0190425874662073 0.0030312010233942265 5.859869899884807e-7 -6.242785888247571e-8 -0.009140951568128592 0.0014315405846597718
0.9999385364851086 0.5789619616234246 6.336588211184686e-6 -3.12037729739296e-6 -1.913273065045283e-6 0.0008065542641616065 -5.093265967191625e-7 -3.234522793343096e-7 -1.8877079818230092e-7 -7.630280618034289e-7 -0.018336903324228788 0.004842583070043559 5.79416774671751e-7 -8.028288584024063e-8 -0.008800967234521137 0.0023032255927770847
0.9999373421829512 0.579040261650876 6.65561555678202e-6 -3.919651230302749e-6 -1.7233735383162235e-6 0.0007921400485515817 -5.353970719526033e-7 -2.7750701663797074e-7 -1.2006125263202144e-7 -7.389645980222142e-7 -0.017468474317338757 0.0065458927692172 5.722644371565699e-7 -9.456777154860338e-8 -0.008382836362675568 0.003122530907982435
0.9999359615710172 0.5791175444099419 6.94216809925367e-6 -4.616963605793173e-6 -1.5294639715108303e-6 0.0007780183453717692 -5.531823666852052e-7 -2.2581753331745836e-7 -6.156731410375665e-8 -7.15297607115525e-7 -0.01645133301313249 0.008127545680075338 5.566267940850962e-7 -1.1402422993850583e-7 -0.007893359367023248 0.003882993279734028
0.9999346090453839 0.5791934119324148 6.877037198378937e-6 -5.474563550897107e-6 -1.3350538850603768e-6 0.0007641954523806127 -4.077792611448012e-7 -5.156727524217939e-8 -1.5017386534615464e-8 -6.235511043852868e-7 -0.01530008289067808 0.009575907082103392 5.567183050560119e-7 -1.5519363479060483e-7 -0.0073390949901224285 0.004579685106810318
0.9999331744244482 0.5792683426057621 6.9667921637967925e-6 -5.873658803995647e-6 -1.138410805885766e-6 0.0007506405175277025 -3.6191998949556167e-7 -3.0289460702730127e-9 7.873816577847838e-9 -6.462965052167071e-7 -0.014031503901723868 0.01088000991836752 5.638325106316413e-7 -1.9373929844423186e-7 -0.006729081781383193 0.005206119234090252
0.9999317876720447 0.5793419067806154 6.785773074236038e-6 -6.511035893889439e-6 -9.371046217923472e-7 0.0007373624916369654 -3.364193507629567e-7 2.97256674794343e-9 1.4154486931083893e-8 -6.073957233653494e-7 -0.012661883426725308 0.012031744845343277 5.655523139812265e-7 -1.805802508020114e-7 -0.006070740367332219 0.0057591138346157296
0.9999303555698087 0.5794141947281823 6.561094787677284e-6 -7.148137661840868e-6 -7.322008982865558e-7 0.0007243667747455127 -3.052870776061896e-7 2.7635503287932486e-9 1.4104491096018265e-8 -5.860148829524871e-7 -0.01120819447304016 0.013024536685834705 5.28866580490988e-7 -1.887746961211685e-7 -0.00537224569305745 0.006235738863969627
0.9999289407829878 0.5794851529137603 6.18347060372969e-6 -7.75525361370876e-6 -5.306117580111361e-7 0.0007116055091807291 -2.753496072675505e-7 4.5579120041124825e-9 3.1200977917415415e-8 -5.57437949222826e-7 -0.009687820784227157 0.013853492368039727 5.021917715793154e-7 -1.9130833572167835e-7 -0.00464193867858643 0.006633450852608995
0.9999276101691753 0.5795547050086124 5.748568102007398e-6 -8.364364929300804e-6 -3.2485808929634254e-7 0.000699097354773747 -2.603024592242941e-7 -2.2945542603771655e-9 3.21765353778274e-8 -5.403947257576196e-7 -0.008118228478224444 0.014515585213517758 4.82094962207228e-7 -1.919747910922663e-7 -0.003888189451882059 0.006950947586506382
0.9999262301322177 0.5796230303535996 5.109795085778996e-6 -8.942858442071242e-6 -1.1483334439829477e-7 0.0006868372364034955 -2.582173820472947e-7 -9.365890527168852e-9 3.976999354434712e-8 -5.344572979065192e-7 -0.006516762300441023 0.015009528179972727 4.659969291017416e-7 -1.985639867009151e-7 -0.0031193139319987974 0.007187659359060877
0.999924832563645 0.579690171258685 4.183568883451399e-6 -9.485506460132775e-6 9.910570383656882e-8 0.0006748215470202058 -2.598066837937978e-7 -1.3425554641336e-8 4.727083452580431e-8 -5.270965082276245e-7 -0.00490057756460878 0.015335739268565692 4.5120504519592094e-7 -2.0506912764400876e-7 -0.002343528298349392 0.00734382398287239
0.9999233993024748 0.5797559102662938 3.1590179365255357e-6 -9.968280743597742e-6 3.1647526268946375e-7 0.0006630431693615982 -2.446718457288417e-7 -1.878660581708429e-8 5.664810222834083e-8 -5.202605741198625e-7 -0.003286438274444932 0.01549633503452344 4.3794172213956743e-7 -2.1103309407427288e-7 -0.0015688630054739414 0.007420487657250554
0.9999220075230361 0.5798205821254862 2.1191742888997356e-6 -1.0272838463618776e-5 5.354678210284776e-7 0.0006515034041092404 -2.347718841043781e-7 -2.57843504590861e-8 6.706700070621404e-8 -5.145080587719694e-7 -0.0016904300472282319 0.015494985176148522 4.2573757333281686e-7 -2.168516082970931e-7 -0.0008030113274416677 0.0074194344969078525
0.9999206363049392 0.5798837751035095 1.1543772965899164e-6 -1.0561733097651573e-5 7.568025335095295e-7 0.0006401913630349454 -2.168589637666833e-7 -3.9407549627227404e-8 7.758801988473794e-8 -5.12511195933899e-7 -0.00012810874314500104 0.015336889221673429 4.1440696223411234e-7 -2.2516166285625442e-7 -5.3422301322003865e-5 0.007343182151488815
0.9999192817621438 0.579945724750991 1.7242720576651343e-7 -1.074469295082465e-5 9.790991794146308e-7 0.0006291106876922144 -1.3347560231112336e-7 -1.0214116904882441e-7 9.164372481788782e-8 -4.99681090169006e-7 0.0013860221616771747 0.015028564377970769 4.056970240378717e-7 -2.277188233837981e-7 0.0006729761241423929 0.007194861354381345
0.9999178758139855 0.5800064779674525 -8.677248100947e-7 -1.066964997202198e-5 1.2023392114933973e-6 0.0006182462133119813 -2.7139424836014867e-7 -4.5858724581819525e-8 1.1309001150791219e-7 -4.984969020125338e-7 0.0028382805509566842 0.01457781970801067 4.013438322855304e-7 -2.3630228238851812e-7 0.0013696326918558597 0.006978230978430021
0.9999163843944132 0.5800663482583049 -1.6634490528374165e-6 -1.0555951991827298e-5 1.423318444741796e-6 0.0006075829516443529 -2.726070732883562e-7 -5.048299345811076e-8 1.3728257743639137e-7 -5.01158093650521e-7 0.004215621691415937 0.013993993491846459 3.9874881855836025e-7 -2.4474244203504596e-7 0.0020303188960818694 0.006697757168704268
0.9999147707368611 0.5801253944036662 -2.4778674076473145e-6 -1.0340847511886814e-5 1.6470058411589203e-6 0.0005971277120226325 -2.7459566138140604e-7 -5.802878406644867e-8 1.6286208263440322e-7 -5.0258847957088e-7 0.005506860163110512 0.013287041923390122 3.9785959181581437e-7 -2.523172769938893e-7 0.00264967387674217 0.006358219441294683
0.9999130519336842 0.5801836434262823 -3.0347146453960226e-6 -1.0104586309466663e-5 1.873966377848539e-6 0.0005868807820716319 -2.9029876066119927e-7 -5.4233923379440644e-8 1.934738430006246e-7 -5.024869064092279e-7 0.006701805441514684 0.012467854679085217 4.0025492841923936e-7 -2.590479495841994e-7 0.003222815095506026 0.005964848025796781
0.9999112483254673 0.5802405553648327 -3.3208263824898246e-6 -9.958506003008255e-6 2.1012031102399127e-6 0.0005768333109994946 -3.0845082626966884e-7 -3.741477216053661e-8 2.2306156090766937e-7 -4.985185632407844e-7 0.0077913418944788974 0.011548312486964784 4.026763778041548e-7 -2.653220628688002e-7 0.0037453943109078585 0.005523316811069537
0.999909627859746 0.5802966785661006 -3.5546096848621387e-6 -9.767955389465358e-6 2.3192641965162345e-6 0.0005669856812902178 -3.476815339064067e-7 5.618943536156041e-9 2.531720741390413e-7 -4.929868557427614e-7 0.008767847390090686 0.010540879616038766 4.095116804091422e-7 -2.695732546935513e-7 0.0042137683763656345 0.005039601864746569
0.9999078140127496 0.5803519682634465 -3.7456908723028963e-6 -9.475837389833358e-6 2.546722293504104e-6 0.0005573192646254188 -3.679108498999321e-7 2.632529141858908e-8 2.895944990090498e-7 -4.873770403837988e-7 0.009625077667073777 0.0094584382577886 4.176081218975459e-7 -2.791786827012634e-7 0.00462493142143837 0.004519863240718907
0.9999057970252577 0.5804061687422825 -4.294638233194922e-6 -8.9662255045143e-6 2.778191613790525e-6 0.0005478586774731911 -3.8067918522150134e-7 5.6429457248512325e-8 3.2080764958907983e-7 -4.600321260134069e-7 0.01035824373862272 0.008313966741415331 4.229211822172116e-7 -2.749005188411578e-7 0.004976572566818148 0.003970335832582527
0.9999038104733841 0.5804590905773674 -4.424038484929769e-6 -8.559724933325016e-6 3.0061677675307358e-6 0.0005385751738405458 -3.790049745771178e-7 5.752354049724396e-8 3.565243241188406e-7 -4.465244840165011e-7 0.010963638716003789 0.007121300255795386 4.3143675383769486e-7 -2.778752490405329e-7 0.0052669309280440725 0.0033975944459627393
