0.9999999999982603 0.00034133895350285095 -3.2786929403087573e-15 -1.0704516185892753e-15 -5.420261545930759e-13 0.9779383342521364 2.4925086244548612e-14 -3.585301545474793e-16 -1.7934753138580898e-14 -2.5363727394071057e-14 0.9779952848764516 0.0014290962191563662 -1.1486579333195616e-15 5.658626593887993e-15 0.0007737093551996449 0.9999426270609031
0.9999999999084187 0.0035852284553095307 -3.756229894603836e-15 -9.577343013087196e-16 -1.5200103652722775e-10 0.9331229606634728 2.8724639129993076e-14 1.2581930715340459e-14 2.2946965098693495e-15 -2.7123272806090694e-14 0.9338609759864143 0.00815469621245997 -3.944774764070662e-15 4.854534170042998e-15 0.005140403183845052 0.9992442655281196
0.9999999999795552 0.011223751718510418 -2.1207655394832934e-14 -5.1054823863404094e-15 -4.1270513929967723e-10 0.8889721746284194 3.0612045497813223e-14 1.3323508923376242e-14 3.5903645216553215e-14 -3.6997038534383146e-14 0.8918971167698905 0.018812795793961203 4.446297029016845e-14 -4.530541718538052e-14 0.013967531048111055 0.9969510188573534
1.0000000001490688 0.0223976823176273 -2.1205925299554818e-14 -1.626079291577376e-14 -2.8240484383596885e-10 0.8513222131184558 2.5596358096304227e-14 2.8302316695716857e-14 3.683757729118346e-14 -4.065290384925907e-14 0.8585596465084819 0.0309092250349038 3.688283138394772e-14 -5.741563629963843e-14 0.026542308913174557 0.9923265821272584
1.0000000003889653 0.03592288920139781 -7.540478561019934e-14 -6.105558141200226e-15 3.8590664622936514e-10 0.819700385804815 3.784874928009313e-14 6.421862118538785e-14 4.185166519403366e-14 1.1043285108557196e-13 0.8336684071694161 0.04286589326294207 2.7296588456725483e-14 -1.3575010377399462e-13 0.041746319825264014 0.9849537930658332
1.000000000772782 0.05093330650841269 -1.1855614063088639e-13 1.4064057211448503e-15 1.778719265309182e-9 0.7927053245843647 1.4465321623652773e-13 -1.0935984392562105e-13 3.7597140001097775e-14 5.053612693201715e-13 0.8158631794252236 0.05372225306902434 3.8407353901464754e-14 1.216764502901021e-13 0.05846785727363593 0.9746787646036195
1.0000000012846186 0.06686526973719217 4.494121449385944e-12 -3.5372487748896394e-12 2.9586458188674784e-9 0.7691423691437996 -9.878176038410462e-14 -7.816739662425554e-13 -1.2306520911043432e-12 3.278379143390943e-13 0.8038085235798378 0.06283120447100857 -7.225327812842287e-13 2.3839009143408275e-12 0.07571514418875153 0.9615492352104089
1.000000001995879 0.08335622848264043 -3.838920012644549e-10 3.2160954668059513e-10 1.965946368268558e-9 0.7481335547303258 1.1153424087729909e-10 -1.281472754620171e-10 -1.9350979038501244e-11 4.470996858460938e-10 0.7963529398178355 0.06972463042704427 -1.7078191935429125e-11 2.8147518831361047e-10 0.09264050073599815 0.945768094625173
1.000000002772409 0.1001686602982631 -8.043069214838098e-10 1.8016252274116535e-10 -2.546171060853226e-9 0.7290509672091385 9.080783967595324e-10 -3.537073778177159e-10 1.4412572910462246e-12 7.187908475339666e-10 0.7924979068426379 0.07406173798390829 -3.327478296117894e-11 -4.9591762453819514e-11 0.10854159563993324 0.927658253948504
1.00000000376562 0.11714268097971989 -3.7026923653072586e-10 4.509980626450074e-10 -1.182257842758719e-8 0.7114436160907834 5.387823227381525e-10 -2.2192983057238148e-10 3.754056600470854e-11 8.429561956862208e-10 0.7913530818984145 0.07561057942021177 -8.710630421179942e-11 9.881458019898584e-11 0.12285821039324782 0.9076337245121169
1.000000005516527 0.13416758927174072 -1.4777342307378183e-9 1.6876083273643099e-9 -2.7206730997944996e-8 0.6949832586317888 1.1823543843562502e-9 -5.48360605633326e-10 2.597294782448209e-10 5.697700368288674e-10 0.7921068025967762 0.07424167210796395 -3.005214855592089e-10 1.7269664921623345e-9 0.1351686175228839 0.8861737631505263
1.0000000085907408 0.15116464958520942 -1.633491730131879e-9 3.142704594854598e-9 -5.09217308842428e-8 0.6794273735307051 1.8183398660778625e-9 -2.986317494250116e-9 1.3715108893146285e-10 -1.1492486115246987e-9 0.7940114836157678 0.0699250890789736 -6.339651794259935e-10 2.534639166967932e-9 0.14518560981008674 0.8637986783716147
1.000000013884417 0.16807646579238683 -1.8169370330607814e-9 3.9997534829241056e-9 -8.287543712287913e-8 0.6645942556332989 7.644642215202503e-10 -3.848921792647994e-9 4.669499445203502e-10 -5.282680157178927e-10 0.7963795304524599 0.06272725201307018 -5.591617654638322e-10 6.753127672479727e-9 0.15275141768457345 0.8410467924024296
1.0000000216412566 0.184860260928698 -1.881045983503693e-9 2.7718338012374286e-9 -1.2307308191233295e-7 0.6503461147954389 -1.1091644978131658e-9 -1.020762387566592e-9 4.999054154050279e-10 9.979119930564786e-10 0.7985857425582792 0.05280586111605348 -1.6737894778540945e-10 8.115657147555094e-9 0.1578308571014766 0.8184526121851393
1.0000000330894225 0.20148353049552106 -2.5799016104013026e-9 5.292950620256348e-9 -1.7019486260747009e-7 0.6365773931409153 5.782335342858591e-10 -3.8753292142063024e-9 -2.9563849601319884e-10 -6.573308715798592e-9 0.8000730900504653 0.04040251220142335 -3.1535120104885067e-10 4.621982512287109e-9 0.16050228612845283 0.7965265462824468
1.0000000454760847 0.21792116760982358 -3.831473496536553e-9 7.17981817792224e-9 -2.154836451142083e-7 0.6232066163407775 4.6388970001793175e-9 -9.460635731479694e-9 -2.391106214922302e-9 -1.7675473845333938e-8 0.8003600371462759 0.025832784823301036 -2.813051026051442e-10 1.2577547595044343e-9 0.16094625897726486 0.7757365162424477
1.000000061759327 0.234153492939388 -7.141490270612965e-9 1.1837248044678817e-8 -2.658520266770689e-7 0.6101705942220524 1.4100565014381827e-8 -2.6486332393068617e-8 -5.437713380913014e-9 -2.7831321888762064e-8 0.7990475019908341 0.009474236902277972 -1.4094841452326972e-9 -1.6189790173285903e-9 0.1594319454619811 0.7564920123840535
1.0000000779604015 0.2501649030680549 -8.121560346975142e-9 1.2963865913631986e-8 -3.03288430474111e-7 0.5974201754154242 1.71820600622833e-8 -2.997271872201384e-8 -5.851516262506659e-9 -3.299565436474473e-8 0.7958248677342662 -0.008247543401486784 -9.621679168717093e-10 -1.120271210230673e-9 0.15630164734380667 0.7391308126604033
1.0000000960603561 0.2659429356057091 -8.777795137283788e-9 1.3072306653877643e-8 -3.3531839877072775e-7 0.584917099700819 2.1791251884675118e-8 -3.6339591683105025e-8 -7.466229581025204e-9 -3.6986616408747325e-8 0.7904740641224974 -0.026874215639871774 -2.4524153695350415e-10 -9.234584337982234e-10 0.15195375536132838 0.7239087994384414
1.0000001139163521 0.2814775714184648 -7.5570926538295e-9 1.4711286367006901e-8 -3.5291262365595607e-7 0.572631676499061 2.1713447809678027e-8 -3.391207329784937e-8 -6.0525409879505524e-9 -3.5191771010358444e-8 0.7828712374577825 -0.04593064987548516 -2.2665079882572637e-10 -2.603268902757007e-9 0.14682470012673357 0.7109931485417749
1.0000001352592829 0.29676074626674265 -9.209223509054172e-9 8.761594664769986e-9 -3.6175451157041996e-7 0.5605409840357822 2.2148281418952582e-8 -3.09828634378797e-8 -5.5468910410195424e-9 -3.703610179168171e-8 0.7729859642423649 -0.06494126231072969 -6.715532690440301e-10 -3.013484722216446e-9 0.14137042875821057 0.7004587972126006
1.0000001591517014 0.3117859947534371 -8.37654981326834e-9 9.369224219696942e-9 -3.6034990364788257e-7 0.5486275006622154 2.4874024517579776e-8 -2.7213270053997987e-8 -4.0819826019232636e-9 -4.204605957496482e-8 0.7608776900651437 -0.08344595421972867 -1.9404851186751155e-9 2.101379218125382e-9 0.13604800456449084 0.6922885066189314
1.0000001845432718 0.3265481515027398 -4.120481676462051e-9 1.5521395108574815e-8 -3.457065939741114e-7 0.5368780371753817 2.1392587784148582e-8 -3.046210353141086e-8 -5.999653242996768e-9 -4.025100422977873e-8 0.7466896052516988 -0.10101505276782687 -6.902883827936647e-10 2.1911570166951104e-9 0.13129791503806212 0.6863760837993764
1.0000002115730278 0.34104316115956645 -2.4910625173040607e-9 1.9060443030861274e-8 -3.2485949070264344e-7 0.5252829170812988 1.9400529551095036e-8 -3.59464574614064e-8 -6.5174709567949266e-9 -3.603788027586495e-8 0.7306400651457643 -0.11726300296248715 -2.368324417770556e-9 4.929417787739484e-9 0.1275276661148663 0.6825327969623655
1.0000002420961913 0.3552678846328216 -1.97750748417877e-9 1.9226808742433086e-8 -2.936973296804001e-7 0.5138352503306454 1.9720611787875842e-8 -3.7315897362869753e-8 -8.62618922075486e-9 -3.340241082989959e-8 0.7130119152975241 -0.13186008003908886 -2.39921056973514e-9 1.0838440959140428e-8 0.1250971142584574 0.6804964670210856
1.000000276394505 0.3692200108596532 -5.857166149978147e-10 2.0685172523393882e-8 -2.533685000677644e-7 0.5025304337958529 2.432154126200064e-8 -3.4038342447412385e-8 -9.767221911808727e-9 -3.950071116201928e-8 0.6941399900716212 -0.14454203479403535 -2.8533550421604005e-9 1.8229677130850627e-8 0.12430604341655062 0.6799430652408084
1.00000031964263 0.38289798282929327 2.3969224526284557e-9 1.803264290354703e-8 -2.450139178757773e-7 0.49136569587449974 2.6983973431145044e-8 -2.99633910206532e-8 -1.1573342965876173e-8 -4.335896769322712e-8 0.6743973588544059 -0.1551171075755879 -2.2726775292185095e-9 1.9182256323531396e-8 0.12538428227833368 0.6805000972868387
1.0000003690983468 0.39630077085774706 1.0207836774697904e-8 3.1055720174606214e-8 -2.1372837724800258e-7 0.4803396876242072 3.291228109485711e-8 -1.4595671618655811e-8 -7.638992160365982e-9 -8.690656938009854e-8 0.6541806610803588 -0.16347049448777484 -8.419867244269041e-9 7.186849192945232e-8 0.12848471109860843 0.6817614291842459
1.000000416983402 0.40942804835929697 1.86310029653506e-9 2.794924748212165e-8 -1.6803463898037954e-7 0.46945230679535876 2.337853971537653e-8 -1.1830183782165415e-8 -1.1710866363130884e-8 -1.0279235094261654e-7 0.6338951154432748 -0.16956593294651026 -6.727641959466628e-9 9.485235951806892e-8 0.133679270018569 0.683302919129631
1.000000469602803 0.422279853527137 -5.218183942125544e-9 2.8784667985605717e-8 -1.1274850245306815e-7 0.4587042987745567 2.0479775085413138e-8 -9.908074096047778e-9 -1.0894661530411559e-8 -1.1099114243138364e-7 0.6139398060154557 -0.17344461769425074 -7.250151595707724e-9 1.068094147388196e-7 0.14095789336136821 0.6846982825442876
1.0000005076606495 0.43485682941825254 6.246583703523074e-10 2.8961416309381885e-8 -5.529533320751968e-8 0.4480971523597691 2.0486615685290054e-8 -6.358905004427008e-9 -1.1088899714159817e-8 -1.1371402030043805e-7 0.5946935452302712 -0.1752213319789518 -7.11133644668115e-9 1.2352742486315621e-7 0.15023057382237018 0.6855345477809303
1.0000005520776503 0.44715989555713537 4.781440546760868e-9 3.568237040606553e-8 1.2026879108300207e-8 0.4376328605442619 2.0173122637826672e-8 -5.68498306199814e-9 -1.3870614520601395e-8 -1.1367137663797074e-7 0.5765018711724323 -0.17507835702825034 1.0514160662227357e-10 1.1629631325918611e-7 0.16133224723331047 0.6854268043643739
1.000000592196051 0.45919040312776843 1.279907799311498e-8 3.8446176806142844e-8 9.553078515516844e-8 0.4273138414062839 2.609724284437545e-8 -5.79983531611853e-9 -1.4940875531015825e-8 -1.194249887711426e-7 0.5596656538000543 -0.17325701074317065 7.877806368847512e-9 1.100863789624333e-7 0.17403018300842074 0.684031417447061
1.0000006296747455 0.470950138900329 2.5598300158362006e-8 3.950420280890292e-8 1.8107015274654637e-7 0.4171427823556334 3.6510401739310135e-8 -7.948931843885032e-9 -1.5689553734854203e-8 -1.1861808871113767e-7 0.5444315990261445 -0.17004736344816532 1.3233368968346477e-8 9.75074931617596e-8 0.18803370578880121 0.6810574285036494
1.0000006564428592 0.4824411049174383 1.727349132021541e-8 4.206186095011925e-8 2.8247836285683975e-7 0.40712249640711 4.770716346764784e-8 -1.4887451224691146e-8 -1.6701357608395192e-8 -1.2240797938745637e-7 0.5309849064394345 -0.16577673763542694 1.998571835300485e-8 8.949873849584872e-8 0.20300563499160457 0.6762761429094677
1.0000006637602863 0.49366572134997566 -4.0001787134084225e-9 4.3396361409633345e-8 3.8649936019574877e-7 0.39725592974818885 6.244042071946666e-8 -1.889115825837198e-8 -1.4552208485335923e-8 -1.1604918319452674e-7 0.5194443708682256 -0.16079696871300037 2.8954734364224447e-8 7.127379468979605e-8 0.21857540091887023 0.6695277829426138
1.0000006580153225 0.5046265971606213 1.2927889285807069e-8 3.9351585386708965e-8 4.964253661703555e-7 0.387545997303767 8.058176431933397e-8 -2.802751495032941e-8 -8.373558315086434e-9 -1.126141356580785e-7 0.5098598580522431 -0.1554713409436062 5.0633466396858915e-8 5.655144597588528e-8 0.2343525409207659 0.6607259226182732
1.0000006287569423 0.5153266282387747 1.7267537238939886e-8 3.929424793975551e-8 6.125623111912777e-7 0.37799556610569596 9.374306234434303e-8 -3.417184991356803e-8 -2.8865423176141123e-9 -1.1262377884525998e-7 0.502212313941157 -0.15016140305973427 6.807666896041426e-8 3.6863226153552e-8 0.24994104338607157 0.6498589590146837
1.0000006048187082 0.5257689553754146 2.6640388282163817e-8 5.229712877470517e-8 7.305102428638372e-7 0.3686073742805141 1.0629085943082526e-7 -4.517027624214302e-8 6.005318145575114e-9 -1.326450249089716e-7 0.4964163470764419 -0.1452142254765614 9.353149306794948e-8 -8.910084665985775e-9 0.26495361572348414 0.636989051743321
1.000000566136787 0.5359569012383023 3.092926174380522e-8 5.6086888581115644e-8 8.42634473947776e-7 0.35938401733817465 1.1166103773342317e-7 -5.4263483259812606e-8 2.0851869702987194e-8 -1.3573572528080055e-7 0.49232476435988765 -0.14095047368806946 1.1791754848850715e-7 -3.703407453522693e-8 0.27902483161003694 0.6222484462222717
1.0000004737600552 0.5458940514087237 1.385349911432208e-9 6.009680336912963e-8 9.849648084366609e-7 0.35032791135126584 1.1225546315004007e-7 -5.6394763666395916e-8 4.041806816147174e-8 -1.3135236048812466e-7 0.48973549541806277 -0.13765378422949653 1.2527197051387557e-7 -7.367112665129575e-8 0.29182362169061793 0.6058333842155228
1.0000003008578673 0.5555841346694276 1.7696939625852296e-8 7.520904522641744e-8 1.0932971969241385e-6 0.34144120746016765 9.894772052556315e-8 -6.065644804342888e-8 3.890958438943026e-8 -1.2563676683005158e-7 0.48840030183592054 -0.1355617545737723 1.1413834327112533e-7 -9.601306259509147e-8 0.3030641207831745 0.5879959881605453
1.0000001167366375 0.5650310933870119 -3.466187292041433e-8 1.1606018540130414e-7 1.1954101411602841e-6 0.33272585249670483 7.19944001926957e-8 -6.456951643726034e-8 4.999274132995412e-9 -1.0993879501304288e-7 0.48803429709959206 -0.1348586530659773 9.355008344045189e-8 -1.5834972823734883e-7 0.3125149311872797 0.569034154419936
0.9999998276826034 0.5742387893079515 -4.606495772743734e-8 1.6153955508374062e-7 1.3007578344952365e-6 0.32418351197402917 5.7109196957674146e-8 -8.22331768181012e-8 -6.364138692811248e-8 -9.85193242278464e-8 0.48832757444562286 -0.13567040504070058 5.7066726592926547e-8 -1.7317049150196595e-7 0.3200051125073428 0.5492803907071127
0.9999995192794437 0.5832115869043956 -7.126892093161324e-8 2.1151953124808367e-7 1.3992598036455072e-6 0.3158155667807499 3.698074755151664e-8 -9.1703226170731e-8 -1.150779416717514e-7 -7.58079656275102e-8 0.4889562212909857 -0.13806143719393996 6.806650456080116e-9 -1.8297559316302104e-7 0.325430108706428 0.5290893320647425
0.9999991722823289 0.5919534221948791 -1.6660820166928853e-7 3.182573644834744e-7 1.5101915719406072e-6 0.3076231807946047 3.8702065801691316e-8 -9.762978958640828e-8 -1.5455954994742724e-7 -4.1105745350376554e-8 0.48959445775894045 -0.14203432552720294 -2.3904103905453633e-8 -2.1338947066174654e-7 0.32875337797537174 0.5088251472907072
0.9999989112359872 0.6004690921685178 -1.7502335679960457e-7 4.884404763035867e-7 1.5926565062146705e-6 0.29960717076895 3.3425692971997113e-9 -1.1696782066979253e-7 -1.8896741359847588e-7 4.879000043693391e-9 0.48992588183204805 -0.14753092910805288 -3.0911453192492784e-8 -2.229532264939339e-7 0.3300054661849651 0.488848632676372
0.9999986693617678 0.6087627803021924 -2.43182295156171e-7 6.629214125315411e-7 1.7059597170014653e-6 0.29176803260302236 2.9979269852986586e-8 -1.3605770444689167e-7 -2.1554451902740458e-7 3.624225709697477e-8 0.4896549462421774 -0.1544364601814077 -8.180393788114668e-8 -1.9738039055606262e-7 0.3292833713015082 0.4695046302038448
0.9999984323435286 0.616839113246335 -2.1517461752181884e-7 7.297135852450089e-7 1.8383549654037413e-6 0.2841059975083567 6.381259504603595e-9 -1.2813163753105539e-7 -2.345066894210593e-7 2.8208960286049242e-8 0.48851607738364844 -0.16258412264212746 -1.4061984147390837e-7 -1.935262820834358e-7 0.3267427061016572 0.45111118643954956
0.9999982029742582 0.6247028820282992 -1.295269926261702e-7 6.776376625304465e-7 1.9755148779914225e-6 0.27662093930335696 -1.398204455810842e-8 -8.046991730398601e-8 -2.813237305581855e-7 -1.7636857079413182e-8 0.48628300891438225 -0.17176295527076246 -1.5223099365379663e-7 -2.9451053475225307e-7 0.32259349287531436 0.4339486786100154
0.9999979204979146 0.6323585743191151 -3.7937188206734866e-8 6.638911068880852e-7 2.153877399897326e-6 0.269312457106025 -1.7672553136365365e-8 -4.555624926081258e-8 -2.892253422118316e-7 -2.5520861492491445e-8 0.48277578619070494 -0.18172686773663788 -1.7412107427483949e-7 -3.911456233062534e-7 0.3170912606998041 0.41825075003009443
0.9999976357647001 0.6398109011032093 1.675171955000349e-8 6.551515059649165e-7 2.307607008488645e-6 0.2621799518884149 -4.6478597352569917e-8 9.311993096654435e-9 -3.1106085804547897e-7 -7.581412927120553e-9 0.47786556247788453 -0.19220323063718742 -1.996992627763824e-7 -4.402980713352256e-7 0.3105262788172588 0.4041979055455396
0.999997358087447 0.6470644176080574 2.799807560697653e-8 6.988972339151731e-7 2.4203493165167398e-6 0.2552224490109074 -3.7431094517239885e-8 7.345269527784762e-8 -3.1170655067858833e-7 8.359629964815994e-8 0.4714781357292561 -0.2029038950767828 -2.0063192839418454e-7 -4.2600048412980704e-7 0.303213507680956 0.3919122526531701
0.9999970038458029 0.6541238572858016 8.505944040890836e-8 6.936827514374913e-7 2.5302309054116175e-6 0.24843883443299955 -1.6644725945592837e-8 1.390606756347276e-7 -3.373426827731399e-7 2.2252432189721252e-7 0.46359484898815945 -0.21353508938044485 -1.999930490687212e-7 -4.0184697546635993e-7 0.29548015262696764 0.3814558568421508
0.9999967381183194 0.6609938806834108 1.462805290579384e-7 7.205768023815055e-7 2.577026496854825e-6 0.2418275464103231 6.6320095617387864e-9 2.096767620435775e-7 -3.2784461863063474e-7 3.3255965166496376e-7 0.4542526976500166 -0.22380854254858715 -1.513801424419276e-7 -3.6521481087357123e-7 0.28765534570870666 0.3728285010521289
0.9999964438516318 0.6676793661562015 2.0409011678244483e-7 7.277428742850485e-7 2.7213188250844412e-6 0.23538700024820625 4.021895226572257e-8 2.237082336871726e-7 -3.0846161006831973e-7 4.841244395890221e-7 0.4435410691293646 -0.23345116249701975 -1.622548086532985e-7 -3.3141353454073343e-7 0.2800581173845663 0.3659703536238247
0.9999961098625861 0.674184984141453 3.290976187181658e-7 8.395243622574492e-7 2.774133423308873e-6 0.22911523532222206 9.561374374024261e-8 2.2720407272659923e-7 -2.5313000246061297e-7 5.871975713089219e-7 0.4315972958684284 -0.24221452089119738 -1.2480143551830793e-7 -3.123689219650361e-7 0.2729864213727925 0.3607651286846187
0.9999958717407563 0.6805154369465125 4.5481392063156895e-7 9.288293217573968e-7 2.865089320577272e-6 0.2230100030525307 1.4085914573486035e-7 2.1331861120988047e-7 -1.833952317886814e-7 6.654162268718545e-7 0.4186012435632389 -0.24988288004320666 -6.907617161339642e-8 -2.963208138706597e-7 0.2667084184202247 0.3570458238745885
0.9999955435702302 0.6866751903490899 4.894971185437791e-7 1.0163858473758193e-6 2.9642684077171663e-6 0.21706904870657584 1.8117245605560532e-7 1.5610008191502953e-7 -1.0843483469887385e-7 7.065948054129121e-7 0.40476735370729167 -0.2562801455780102 -3.1986684664498326e-8 -3.2031466565760014e-7 0.26145297855999694 0.354601790245083
0.9999952389855293 0.6926687572561219 4.7674708279732205e-7 1.1284044622823224e-6 3.01724964912303e-6 0.2112897327801303 2.1767759285853976e-7 8.352557701371437e-8 -5.752222021992467e-8 6.943631470245116e-7 0.39033646820466184 -0.26127493918276956 3.679683141534102e-9 -2.9858046044781016e-7 0.2574032422894235 0.3531871146736846
0.9999950269701824 0.6985007387386714 6.152179070900046e-7 1.2199665501395995e-6 2.9851750314965794e-6 0.20566935661402752 2.3747841713425214e-7 -2.0300705675232057e-8 -4.676417019395833e-8 7.523961188295958e-7 0.3755671563236491 -0.2647842119966665 3.711356711044766e-8 -2.7633539370302413e-7 0.25469162393191996 0.352530552589876
0.9999948614965367 0.7041756238294544 8.261035394566714e-7 1.3019920357734406e-6 2.939967750795237e-6 0.20020512997985188 2.753271646939055e-7 -1.105114915057343e-7 -8.145703927999396e-8 8.477635475999664e-7 0.3607258417529633 -0.26677508638047526 8.208185284784401e-8 -2.5035905125711497e-7 0.2533967293972614 0.35234499984599227
0.9999946809344703 0.7096977599051899 1.0880866027147676e-6 1.3801839577491766e-6 2.943307989079153e-6 0.19489396477882684 2.731222495964257e-7 -2.1319056486948403e-7 -1.4455210431099716e-7 9.735388504520164e-7 0.3460774305214239 -0.2672648555459456 9.092591287195398e-8 -2.376769075048471e-7 0.2535415612713558 0.35233807271435713
0.9999944060554969 0.7150713705071701 1.057473237742522e-6 1.2717655797808528e-6 2.9667728268314954e-6 0.18973272980697395 3.1609142960161994e-7 -2.954693998065775e-7 -2.558699185762798e-7 1.1311965791644252e-6 0.33187608865774854 -0.2663187936627807 3.620367415703568e-8 -1.5770943437089e-7 0.25509490609027635 0.3522228628042055
0.999994199100589 0.7203009858920871 1.0784197828179421e-6 1.202741498098655e-6 2.967384825344448e-6 0.18471822906042332 3.115818504699494e-7 -3.565836918084175e-7 -2.638165553732893e-7 1.257553551936413e-6 0.3183567771036324 -0.26404746795152617 6.690500545589192e-8 -8.920472739102792e-8 0.2579735674955806 0.35172714792493
0.9999939951390133 0.7253904519566233 1.172495037554689e-6 1.0700916286846333e-6 2.858646902324321e-6 0.1798470834484548 3.3990839703380396e-7 -3.682254016803467e-7 -1.843262281865901e-7 1.352808626077408e-6 0.3057271503850044 -0.2606012962804925 1.5386896132519575e-7 -2.0903355783363786e-8 0.2620469600736077 0.35060323187315845
0.9999937479379288 0.7303439332790169 1.2192478117797455e-6 1.0049677781321023e-6 2.820941540968488e-6 0.17511585354301282 2.989770521360017e-7 -3.933283857064419e-7 -1.8140881523938165e-7 1.4865334844702333e-6 0.29416147673139675 -0.2561646452896598 2.454249478763267e-7 5.813598949164071e-8 0.2671427142715426 0.3486349934959585
0.9999934113642724 0.7351655534749786 1.2104406953817283e-6 8.740335252983739e-7 2.7782766444925223e-6 0.17052106971802986 1.9780013516884913e-7 -4.1007600731010077e-7 -2.0012935847399551e-7 1.639175155348785e-6 0.28379487697266637 -0.25094819153444514 3.1882400381055977e-7 2.1287396258636697e-7 0.27305419959458327 0.3456459560305719
0.9999930805697755 0.739858894286328 1.1984988634802622e-6 7.335956944316407e-7 2.6832410014403406e-6 0.16605921702716894 1.0432404574250927e-7 -4.081864720021989e-7 -1.7848597513187585e-7 1.7495966268385984e-6 0.2747202327160609 -0.24518135238325725 3.396887978427775e-7 3.8903317055139277e-7 0.2795483584880342 0.3415029900611155
0.9999927100179858 0.7444279957490052 1.2342564299990665e-6 6.483655157106222e-7 2.286748344909558e-6 0.16172675133889836 1.2836332284362753e-7 -2.3979149610931175e-7 -9.371952909182759e-8 2.0428869370545132e-6 0.26698567826637265 -0.23910376436958125 4.832665835278708e-7 5.161981091920775e-7 0.2863749423923108 0.33612052721758306
0.9999925742060503 0.7488763409504648 1.5068698730776803e-6 3.922432047744889e-7 2.176659651987485e-6 0.15751988834516806 2.1616592137668604e-7 -1.4684191298985137e-7 -1.0716115500322425e-9 2.1815497620939847e-6 0.26059379715513836 -0.2329566827960965 4.767706777513986e-7 6.626356260907885e-7 0.2932757421944864 0.3294622717713457
0.9999924945130878 0.7532076529175311 1.51525291789869e-6 9.801703638811372e-8 2.1478453299266566e-6 0.15343520633567279 2.654797682313336e-7 -1.3242047983897635e-7 1.5623454851468686e-7 2.2684045314968303e-6 0.2555030154743936 -0.22697474686999708 3.024314658613111e-7 8.9270743831162e-7 0.2999940745902627 0.3215414218777888
0.9999923970584075 0.7574254127359678 1.343082297058584e-6 4.169293677590713e-8 2.2408027488706576e-6 0.14946885795046802 3.372455366464649e-7 -1.076996669906685e-7 2.463196380127638e-7 2.303370116634661e-6 0.25163029379678936 -0.22137765257002173 3.1625183455599727e-7 9.655954509978918e-7 0.3062830251347115 0.3124179870519318
0.9999923929138952 0.7615329659485734 1.2377805097474602e-6 -8.822765965779052e-8 2.2636556994526925e-6 0.14561731006266343 2.870800509186619e-7 -1.389432255501573e-7 3.191409346387367e-7 2.3709061071644564e-6 0.24885439912937385 -0.2163632655507804 2.4913396425725035e-7 1.041293242318888e-6 0.31191530065186446 0.3021968366808302
0.9999925135208877 0.7655331263872861 1.2480311592820582e-6 -1.5335964952197613e-7 2.2429057538497254e-6 0.1418769537491859 2.7738687769725574e-7 -2.5682080513913755e-7 3.0416268288772264e-7 2.5574581746923658e-6 0.2470223996209443 -0.21210106944524793 2.0672691989354902e-7 1.094686059523262e-6 0.3166895415364128 0.29102163665271635
0.99999264100473 0.7694296832683578 1.1207710326813902e-6 -2.515569470974637e-7 2.297380111121879e-6 0.13824434045257136 4.623518141756655e-7 -2.477686191545243e-7 3.45525377304752e-7 2.833299546312123e-6 0.24595455168526414 -0.2087275581193879 3.66472196451492e-7 9.845257191078496e-7 0.3204370051861235 0.2790691380438066
0.9999929101836673 0.7732254836729967 1.162855433700011e-6 -3.393528663554667e-7 2.5632831831554333e-6 0.13471558923174484 4.661887785606129e-7 -2.793634415770836e-7 3.4500466553245276e-7 3.0576853816776604e-6 0.24545187387365347 -0.20634143737295463 4.7176465543313483e-7 8.733858061227306e-7 0.32302694533977466 0.2665425026488135
0.9999932756302868 0.7769236189157546 1.2094089916155834e-6 -3.9581829739351655e-7 2.7061996946041437e-6 0.13128756840668535 3.328174237708938e-8 -1.4650827763317712e-7 2.913077929929735e-7 3.3247796595726014e-6 0.24530345875450288 -0.20500205517496825 4.0828451058676863e-7 8.14640416918745e-7 0.32437076409502197 0.2536627403647238
0.9999937321013879 0.7805270057414554 1.083205656560229e-6 -3.6377055582511304e-7 2.843488455611964e-6 0.12795663127720766 2.5862763666383073e-8 -1.445673169440419e-7 3.174409552321913e-7 3.5038656025996023e-6 0.2452939813563957 -0.20472821062858446 3.5268976922455365e-7 8.260355130494872e-7 0.32442306591983827 0.2406610602141832
0.9999943696196136 0.784038108215108 1.3437916339321422e-6 -5.275362850802609e-7 2.886863497956147e-6 0.12471960799434191 -4.860656358131341e-8 2.4815047870135615e-8 2.847358635437169e-7 3.4640348695529774e-6 0.24521179052374562 -0.20549838920410188 3.534560848166188e-7 6.758219543333494e-7 0.3231827899692742 0.22777060241907424
0.9999948625055904 0.7874597749252431 1.3554476101512825e-6 -7.865678510585689e-7 2.872726661274351e-6 0.12157342038058778 1.3067000272010626e-8 1.7300742150966647e-8 3.061865412211885e-7 3.1493068649952925e-6 0.2448550001898474 -0.2072520135427816 3.2624189835483374e-7 5.897545838121671e-7 0.32069197448722686 0.2152175679735757
0.9999954489756187 0.7907946602388349 1.477342323322017e-6 -8.810711729425609e-7 3.0254014473118124e-6 0.11851493947407064 -5.097519944103286e-9 2.0942246999810118e-8 3.7481320860553564e-7 2.826159040829649e-6 0.24404088377631994 -0.20989455577817104 2.713812282300054e-7 4.762120527720376e-7 0.31703375587056903 0.2032136885250146
0.9999962176157731 0.794045400103319 1.3917153143227865e-6 -1.163103976103243e-6 3.0155855330889786e-6 0.11554089560289277 -3.326999124240161e-8 2.2318708042704694e-8 4.129236092719757e-7 2.6433824435057413e-6 0.2426086133269631 -0.2132992856877135 3.1857760467968086e-7 4.0342735126023704e-7 0.3123279318370103 0.1919502457473297
0.9999968370601374 0.7972142716584849 1.2891485190075231e-6 -1.534608196650495e-6 2.999515000089248e-6 0.11264847771977485 -7.008988635814351e-8 1.0742931557822901e-7 5.506656340035813e-7 2.5721988715013774e-6 0.24042718912457883 -0.2173147050778759 3.898053835391475e-7 3.0479748746125213e-7 0.30672609008331325 0.18159041750580107
0.9999973639374224 0.8003034328375699 1.0296863262856615e-6 -1.917244441332846e-6 3.0253081361333886e-6 0.10983468430651006 -1.761893679766926e-8 2.0791896588284712e-7 6.448040027094064e-7 2.4226459827441918e-6 0.2373969877975512 -0.22176924977365056 3.531378037777289e-7 2.232654888021275e-7 0.3004054215857507 0.1722640814353168
0.9999977969170324 0.8033153420097063 7.340872133176624e-7 -2.233075528292101e-6 3.127435724941766e-6 0.10709659259795723 7.969588559599907e-8 2.2819864610574762e-7 6.53154278063731e-7 2.345879140139708e-6 0.23345361997010888 -0.2264784142848103 2.904391030692478e-7 1.1380802870867359e-7 0.2935619293543049 0.16406513872141607
0.9999982312526072 0.8062520468119788 4.6763339691385426e-7 -2.3888640802656793e-6 3.3347106977514154e-6 0.10443135556129042 1.5966410186258716e-7 1.388410470979963e-7 7.14894849820328e-7 2.3228092446073066e-6 0.22856929281692925 -0.23125161010806747 2.230940778155347e-7 2.736665041103024e-8 0.28640310853658163 0.1570486231916023
0.9999986307649358 0.8091154238593897 1.333322637778626e-7 -2.473199512078444e-6 3.6910034145118347e-6 0.10183637921406516 1.9704893959895616e-7 1.0460239348702793e-7 8.84550092308453e-7 2.2493631707474897e-6 0.2227520495987538 -0.23589881859499015 1.6927987423824502e-7 -6.433921532803862e-9 0.27914043566222607 0.15122980798855115
0.9999991265817001 0.8119075784201175 -1.4475940810602134e-7 -2.404363127265832e-6 3.922746503063484e-6 0.09930930418145294 2.267665042260876e-7 1.3535983103635406e-7 1.009670157800111e-6 2.2680564189523247e-6 0.21604510290979845 -0.2402372646282807 1.6077109068413704e-7 -6.355625100681642e-8 0.2719819291540639 0.14658485476602595
0.9999993354860873 0.8146303557953509 -4.3447404483347185e-7 -2.2819510405259056e-6 4.224743217551902e-6 0.09684762572052662 2.491466226291479e-7 1.6809184356197114e-7 1.1191594556144009e-6 2.3758610790387335e-6 0.20852445715423312 -0.2440979848944217 2.3982340568560234e-7 -1.410266286947775e-7 0.26512522309260833 0.14305240015344986
0.9999997152027912 0.8172857995638765 -6.234007673975886e-7 -2.22123376914385e-6 4.439395756114853e-6 0.09444906351092403 2.626788757783781e-7 1.6767942479536013e-7 1.2512171473380653e-6 2.385605767598043e-6 0.20029549966284305 -0.24733093973398346 2.0536379513583882e-7 -2.2258634092401077e-7 0.25875057567344373 0.14053659612654124
1.0000001854032137 0.8198758348365185 -7.095676117395247e-7 -2.0875632155523356e-6 4.861866397427295e-6 0.09211127976807837 3.3948799160106675e-7 1.4001585163391042e-7 1.2895267136608618e-6 2.3459376687886856e-6 0.19148797648325744 -0.24981049500678185 2.60956488245069e-7 -1.8120358140019308e-7 0.2530154182529685 0.13891162040561197
1.0000004874212924 0.8224018576981921 -8.672597955348353e-7 -1.9509468071635484e-6 5.296493989055355e-6 0.08983223255165328 3.853465887505193e-7 1.2215856034787304e-7 1.252601818253495e-6 2.309571148863668e-6 0.18225151844161092 -0.2514389716304419 2.6133784369395524e-7 -1.383047279349973e-7 0.24804921651655237 0.1380264948201854
1.0000006962466805 0.8248656236954269 -9.112016774754278e-7 -1.731483810792129e-6 5.695720896023389e-6 0.08760989470443363 3.0617807559087114e-7 9.182690536639548e-8 1.209948232306636e-6 2.272292884743073e-6 0.17274952626936615 -0.25214899160980087 2.5199974126091695e-7 -1.3233364085717107e-7 0.2439497440569558 0.13771095375212913
1.0000013049423646 0.8272691155268297 -1.1600885507030942e-6 -1.378744614945987e-6 6.835303222146909e-6 0.08544217298739995 -1.5246853988768837e-7 2.0623321668877557e-7 1.0210502551482167e-6 2.1344373376824583e-6 0.163153287011834 -0.25190572341749634 2.5284127761421435e-7 -9.954678300550588e-8 0.24078017196753349 0.13778245158481284
1.000002047696167 0.82961374422447 -1.3082784422430542e-6 -9.852611321865045e-7 7.74249442910999e-6 0.08332754776192086 -5.973118360362962e-7 6.073977614268814e-7 9.222827749210718e-7 2.0147791249856815e-6 0.1536349641638215 -0.2507070377358081 2.2828409863308213e-7 -2.9433411079378665e-8 0.23856911110210452 0.13805231349736774
1.0000026030773466 0.831900478487173 -1.3270881818244377e-6 -7.362422206133302e-7 8.576713452902124e-6 0.08126418146471653 -7.998234419311169e-7 8.508301657838784e-7 8.212131051924572e-7 1.9422490215534755e-6 0.14436236864689983 -0.2485827979059172 2.808635688250264e-7 1.0219658272559769e-8 0.23730884669634028 0.13833247993072878
1.000002876874212 0.8341307919171121 -1.3580554394864487e-6 -5.840021149093573e-7 9.380596866210327e-6 0.07925036863931155 -9.333824371249358e-7 1.0491000753903543e-6 7.610999200172503e-7 1.9254597841657566e-6 0.13549306913686754 -0.24559301085383795 2.9927689379767805e-7 8.008661207048459e-8 0.2369572937620112 0.13844229041934963
1.0000030441448602 0.8363057168151202 -1.441892713011957e-6 -4.670439418765095e-7 9.773982809136631e-6 0.07728464202535305 -8.945636135293626e-7 1.025896168005187e-6 7.867576122323043e-7 1.9053530908840126e-6 0.12716896142630857 -0.24182514200141703 3.72194499805182e-7 1.147043862344715e-7 0.23744067598369334 0.13821440780713354
1.0000031507528377 0.8384271216872129 -1.4945745823214824e-6 -3.5648279303757173e-7 1.0496212203735656e-5 0.07536534884144487 -8.484570397236618e-7 1.0268938079527572e-6 8.190686703972176e-7 1.8504346950171103e-6 0.11951200739528725 -0.23739014657549903 5.293023808361346e-7 9.093362605102268e-8 0.23865643580266582 0.13750065697767064
1.000003374631611 0.8404957759479731 -1.5515776892521227e-6 -2.8464397917629415e-7 1.1051593765306687e-5 0.07349138591607313 -8.538981571246575e-7 1.0206495551145215e-6 8.135575237833777e-7 1.84419074184859e-6 0.11261995726377698 -0.2324184508339629 6.025346568838951e-7 9.177753828865629e-8 0.24047792092895112 0.13617634994293892
1.000003538828341 0.842513569922592 -1.5293206592951315e-6 -3.2024230230207895e-7 1.1710277332026679e-5 0.07166128441386134 -8.709223570093385e-7 9.967019846960283e-7 8.091514479156305e-7 1.824402770852916e-6 0.10656381871048723 -0.22705455564091448 6.782883556700502e-7 9.315601163245812e-8 0.24275951864053782 0.13414411512446725
1.0000036425331003 0.8444815858070768 -1.5873690660206998e-6 -4.029612558458738e-7 1.2373275874265518e-5 0.06987386835164983 -8.901423582305136e-7 9.78068229416486e-7 8.387137150019633e-7 1.7601282045021208e-6 0.10138589663968807 -0.2214518935165261 7.998582255336256e-7 3.866831692757148e-8 0.24534215964768252 0.13133664678203963
1.0000036433846975 0.8464008261066673 -1.6907618156915226e-6 -4.302317882184891e-7 1.3121149195750376e-5 0.06812787652067064 -9.338420898831304e-7 9.556760101423278e-7 8.436813231346592e-7 1.7191190413454934e-6 0.09709915070992413 -0.21576714250715753 8.170958151497799e-7 4.527872271967245e-8 0.24805930777710633 0.12771830821538413
1.000003557911331 0.8482725165185351 -1.7644746536950963e-6 -4.184349853718786e-7 1.381517480888955e-5 0.06642228575542286 -9.730385157718125e-7 9.258778851290475e-7 8.737921136134598e-7 1.649990636449189e-6 0.09368741823647637 -0.21015474131396697 8.621100216609853e-7 1.087673158297874e-8 0.2507427775084244 0.12328551061367332
1.0000034673054825 0.8500976577594643 -1.865700463978436e-6 -3.7392601144475074e-7 1.4547327359138547e-5 0.06475620886365999 -1.03602315676636e-6 9.290831073030796e-7 9.054837672721665e-7 1.5746725428159075e-6 0.09110669813112408 -0.2047615220911728 9.141276328409766e-7 -3.822109520830836e-9 0.2532290292911997 0.11806601801731323
1.0000038643334364 0.8518770392067226 -2.0945189944155125e-6 -3.852183084570724e-7 1.55001921870624e-5 0.06312843020417015 -1.1651340694610804e-6 8.5424228854781e-7 8.943878677123855e-7 1.5157545701223574e-6 0.08928752721305457 -0.19972200790954506 9.160584188053724e-7 2.8834762360910866e-7 0.25536494554272027 0.11211773563461698
1.000004280601527 0.8536120503941313 -2.242107207189299e-6 -6.214745936869754e-7 1.6706639323044695e-5 0.061538210791434095 -1.3480148012654424e-6 6.462030355364147e-7 8.781036002406135e-7 1.4523269873271036e-6 0.08813779788821122 -0.19515364060929485 8.976671011335347e-7 4.738197780795863e-7 0.2570128607007397 0.10552511011420139
1.0000044402782369 0.8553038286945231 -2.490222653210489e-6 -6.868705054747715e-7 1.784518123088876e-5 0.05998441753680044 -1.5422186054237537e-6 4.6335443533575526e-7 9.087459630844594e-7 1.427641169466817e-6 0.0875465678417512 -0.1911537639597083 8.983120511531054e-7 5.949695517552968e-7 0.25805437434104594 0.0983942296593312
1.0000041889853024 0.8569532434703915 -2.6329951180880414e-6 -7.28108600486042e-7 1.8858366963489443e-5 0.0584664728703147 -1.609541865621865e-6 4.618509463919337e-7 9.207005828010008e-7 1.4626899159335192e-6 0.08738861300224027 -0.18779644447541646 9.059094570873068e-7 6.709544621507784e-7 0.25839504037666755 0.09085071155288564
1.0000039501081261 0.8585610096693216 -2.5685440224337735e-6 -5.928875943849358e-7 1.9729719638032826e-5 0.05698357100618537 -1.5534553292330898e-6 5.870915277748128e-7 9.381757052682454e-7 1.4697568284016202e-6 0.08752889229094564 -0.18513032260965148 9.273899159807442e-7 6.944676359534492e-7 0.2579663122480826 0.0830345490775641
1.000003835642743 0.8601280630719954 -2.3639024366820596e-6 -3.1493054537060576e-7 2.0618895448026164e-5 0.05553495498156327 -1.4081532893619192e-6 7.613616541468058e-7 9.58294107987885e-7 1.4736380711037974e-6 0.08782776683957315 -0.1831777413126111 9.450926825405359e-7 7.087634921993871e-7 0.256727925813441 0.07509428421409953
1.0000038828255073 0.861655643654272 -2.3195446257000617e-6 -2.3279410149041864e-7 2.1515522104539788e-5 0.05411998405845775 -1.2688514910857466e-6 9.188052664997638e-7 9.969692527329052e-7 1.4501500519919373e-6 0.08814584676287966 -0.18193471462889635 9.642905061958024e-7 6.899437013722093e-7 0.2546683131608673 0.06718149109274058
1.0000036957191116 0.8631445008634622 -2.252706482378355e-6 -4.300139773613752e-8 2.2358475311915788e-5 0.05273800805353126 -1.1436400562776576e-6 1.0576272060368434e-6 1.0245691650370318e-6 1.4520146559766245e-6 0.08834883792844873 -0.18137173949431512 9.528552446139792e-7 7.00377016464226e-7 0.25180412452064904 0.05944545862251485
1.0000033662377683 0.8645955790561326 -2.0918451074482556e-6 1.1201570224035745e-7 2.3162838861154093e-5 0.051388392551355105 -9.775175977490568e-7 1.1585253346471154e-6 1.0586409358656362e-6 1.4389315081825731e-6 0.0883121753311362 -0.18143558251076602 9.660677067006956e-7 6.808292142196348e-7 0.24817969477031523 0.052028071774386474
1.0000029483336985 0.8660097678969665 -1.5819850151254172e-6 1.8288056879870961e-7 2.3976439466503074e-5 0.050070559638052035 -8.070981447366303e-7 1.2330604053194487e-6 1.0723973563793175e-6 1.454258122290289e-6 0.08792498740382232 -0.1820516555462329 9.680300849363405e-7 6.669890513384613e-7 0.24386385987716191 0.04505891625853453
1.0000025412789473 0.8673878765343856 -1.1116464050409474e-6 3.022169314116549e-7 2.4783615472268172e-5 0.04878393692598712 -6.365828893344799e-7 1.3062590295906545e-6 1.109061006887914e-6 1.4305988212074703e-6 0.08709373824631776 -0.183127391236524 9.869781549777295e-7 6.430633917995012e-7 0.2389478261891569 0.03865108024971273
1.0000021840071132 0.8687305785838454 -5.960224281439004e-7 4.065014625740226e-7 2.5593279301907818e-5 0.047527963864579525 -4.878854708345583e-7 1.3548695795849089e-6 1.1419775259069291e-6 1.4218328625767643e-6 0.08574500722658188 -0.18455572088153388 9.89536077437688e-7 6.308989597407298e-7 0.2335409351339795 0.03289773223734123
1.0000019936864863 0.8700384383285785 3.264423262320261e-8 3.450032870448479e-7 2.6400054667366304e-5 0.046302084164884655 -3.3727032507505566e-7 1.355187990900821e-6 1.191607495224006e-6 1.4887217900822256e-6 0.08382775806687659 -0.18621952130277664 1.0089910542036876e-6 6.808275446571986e-7 0.22776694795609292 0.02786909478860143
1.000001667384899 0.8713124335659475 1.854661828243698e-7 3.334115956468536e-7 2.7330397300839218e-5 0.04510563662317816 -1.4946790399772476e-7 1.3774204959080763e-6 1.2387840067535894e-6 1.5090252102058994e-6 0.08131379723161539 -0.18799588669832878 1.0263229272819994e-6 7.132501449498904e-7 0.22175833399335726 0.02361048901446758
1.0000012056355558 0.8725537067658792 3.6591727649038004e-7 1.955423293264341e-7 2.8123619727377588e-5 0.0439383072317036 -1.8697367160136072e-8 1.3589693883596432e-6 1.269937906410863e-6 1.5274070724970015e-6 0.0781986092990535 -0.18976037763028678 1.0371426913754285e-6 7.58376283637289e-7 0.21565230418966477 0.020141668062368022
1.0000005266734002 0.8737629047776266 4.4698982365689533e-7 7.413439921612308e-8 2.8909771151201235e-5 0.04279959553314225 6.667800910278594e-8 1.3343680806488583e-6 1.293267103069344e-6 1.5390676298257e-6 0.07450128398311644 -0.1913917945899925 1.0508703997837639e-6 7.654198901719897e-7 0.20958569757776957 0.017456570366651637
0.999999818842066 0.8749406270047049 4.873694704843112e-7 -1.1390622918239723e-7 2.963999922918576e-5 0.041688939764473396 1.3925150023035987e-7 1.3074283207154756e-6 1.2961852744728406e-6 1.5585699555665786e-6 0.07026278838219334 -0.19277617842640246 1.0506672588034344e-6 7.781128487886186e-7 0.20369043705517176 0.01552419715286403
0.9999990488313173 0.8760877958621277 4.428618813807374e-7 -1.1059825693852659e-7 3.036055727554678e-5 0.040605848621346544 1.9235268746523116e-7 1.3117149181942814e-6 1.3150437944178815e-6 1.5554157251461997e-6 0.06554392024905194 -0.1938106672988313 1.0742145090481452e-6 8.019859586815034e-7 0.19808884430361678 0.014290209501659257
0.9999983848873552 0.8772051869433264 4.2169840433436224e-7 -1.3034914169890473e-7 3.104743920932871e-5 0.039549864995686024 2.4509086357315214e-7 1.2929079384878375e-6 1.3427296410758922e-6 1.5430844049125508e-6 0.06042289223608673 -0.1944069162903666 1.0968242178697204e-6 8.249980267963321e-7 0.1928895839157031 0.013679578045720958
0.9999984274429736 0.8782930922972221 3.710413470264866e-7 -8.463956228670451e-8 3.2217650575826914e-5 0.03851991007761516 3.182421701333214e-7 1.2816076562867363e-6 1.546408949271404e-6 1.3948872234774766e-6 0.05499257627900219 -0.19449421493689292 1.1015875815923461e-6 8.581639765365075e-7 0.18818534765609773 0.013599518625627544
0.9999980035838227 0.879352447768417 4.505127154938721e-7 8.106028828556147e-9 3.2978749565112976e-5 0.03751625553276325 1.2680270510041559e-7 1.4095940606594084e-6 1.3095894560858883e-6 1.5108694617485631e-6 0.04935512063328207 -0.19402115435401251 1.109957698571807e-6 9.651880001945224e-7 0.18404693453991566 0.01394307538713955
0.9999978088871879 0.8803846024851871 -3.5596965405678355e-7 1.877667408519485e-7 3.377805680237206e-5 0.03653795492307953 6.330464996336569e-8 1.4595924877612217e-6 1.343099753839861e-6 1.3970238796935508e-6 0.043619143374048534 -0.1929553558678952 1.1557069876145536e-6 9.2577519367264e-7 0.18052468206526234 0.014593945199806262
0.9999975337473913 0.881390007670083 -6.094153530656812e-7 5.678461685485642e-7 3.463613591072834e-5 0.03558567693079831 8.140539237403823e-8 1.4980330567305828e-6 1.3853285966777838e-6 1.394548243988358e-6 0.037897211242389685 -0.1912869085514564 1.2168076222171797e-6 9.749752689169098e-7 0.1776452548847251 0.015429716682655298
0.9999973308087909 0.8823695517551906 -6.478727796965511e-7 9.322793644413233e-7 3.545189513524473e-5 0.03465833252527738 1.2448882731927925e-7 1.5419133371661586e-6 1.3712856697900233e-6 1.4201865600840275e-6 0.03229952921129401 -0.18902735387771147 1.2507432712812227e-6 1.046923644302197e-6 0.1754132861717833 0.01632688195139937
0.9999969089870959 0.8833235728523556 -8.543047203384178e-7 1.1969221810159035e-6 3.628273061653837e-5 0.03375529549081644 1.5231225190295296e-7 1.6274356499922825e-6 1.357328222334353e-6 1.4474399270383691e-6 0.026931245697164572 -0.1862079953573251 1.3096949919331922e-6 1.120583441011678e-6 0.17381012009853103 0.017165087482782768
0.9999965019745775 0.8842525626897351 -9.032936786163132e-7 1.4518487261908765e-6 3.7063214813627777e-5 0.03287602835164736 1.7915286963575664e-7 1.754375829165179e-6 1.3286736447734459e-6 1.4914863821117706e-6 0.021888791099002977 -0.18287873994747395 1.387975265008882e-6 1.2108061593720047e-6 0.17279554972219366 0.017831155422876794
0.9999959786054818 0.8851570445629915 -8.38008622169135e-7 1.7093575081057274e-6 3.7856151043159254e-5 0.03202005097108985 2.4251747304984293e-7 1.804281374966203e-6 1.3274589116124928e-6 1.5225024483502179e-6 0.017256440916649282 -0.17910590542394828 1.4491053759147087e-6 1.2578018905150032e-6 0.17230982639960923 0.01822279389417107
0.999995460272218 0.8860378234447016 -5.88593174906607e-7 1.913417441783241e-6 3.85909425346945e-5 0.03118692766684144 3.000536976094413e-7 1.8361139344448628e-6 1.3375266421564726e-6 1.5094076930133727e-6 0.013103827126570338 -0.1749694281061535 1.5217677596454442e-6 1.2878986837720002e-6 0.17227623894602073 0.01825203554416198
0.9999950146326613 0.8868951951994863 -2.6843738245195494e-7 1.9111298168112335e-6 3.9288348881510006e-5 0.030376038766544305 3.808453683708864e-7 1.8644929165992087e-6 1.3439122027927826e-6 1.4609841703789067e-6 0.009483740264809212 -0.17055992696945332 1.5962271858900704e-6 1.3016526209010421e-6 0.17260437874918746 0.01784780393332503
0.9999940777292253 0.8877299800406826 -1.5606110587067509e-7 2.158181822871085e-6 3.990864375560716e-5 0.029586958228968868 4.310163387043749e-7 1.9041656693364154e-6 1.3522919113896965e-6 1.3684094615282144e-6 0.006430841685460601 -0.16597506411447682 1.6720447369391856e-6 1.2842453375814567e-6 0.17319354415746507 0.016957918699172587
0.9999933659804984 0.888543279376808 -5.8539677003713233e-8 2.240917533279407e-6 4.052789006714306e-5 0.028819303694071558 5.039127296976147e-7 1.905737295245005e-6 1.3169355800603699e-6 1.3251216832416515e-6 0.003960613622035635 -0.16131606838800056 1.7030684724255219e-6 1.2840011527890881e-6 0.1739366301038347 0.015550432480894423
0.9999926217804928 0.8893351013422088 -1.5905261574996186e-8 2.2892647189445874e-6 4.1100844092902314e-5 0.02807257359317274 6.121376573317036e-7 1.8808139883373876e-6 1.2845572096284091e-6 1.2446097331345285e-6 0.002069755650728513 -0.15668414769850758 1.7036656194564864e-6 1.2748156447996735e-6 0.17472386284928354 0.01361435544453803
0.9999917135764037 0.8901062544598705 2.0215054765151635e-8 2.1981244401827833e-6 4.161725685164344e-5 0.027346170465831668 7.480615951776168e-7 1.8331911692376937e-6 1.2436115284422136e-6 1.14021965070302e-6 0.000736191559935534 -0.15217688352154884 1.699889715461173e-6 1.271876086109383e-6 0.1754470385551284 0.011159275769296002
0.9999903526447892 0.8908574565256355 -2.444907765425601e-7 2.0819479817497e-6 4.2124603619436714e-5 0.026639684526796784 8.159571099226315e-7 1.7766538363102816e-6 1.20010453293833e-6 1.027309542191394e-6 -7.911038754947197e-5 -0.14788506387590455 1.7011597365689982e-6 1.246589901428299e-6 0.17600324391177213 0.008214610167796739
0.9999890255707117 0.8915890954532787 -4.16269037267796e-8 1.730998199038367e-6 4.261940047847407e-5 0.025952697743774934 9.290723902922258e-7 1.7175873108227765e-6 1.161523929029603e-6 9.040412921689316e-7 -0.0004307774321468637 -0.1438896350318402 1.7060786905558608e-6 1.1694973814691535e-6 0.17629826801159004 0.004828057966945054
0.9999879263424352 0.8923018977053532 -7.339686573623719e-10 1.460835106887308e-6 4.31373353616217e-5 0.025284492103097172 9.874310160840184e-7 1.6295332754624456e-6 1.114954428666511e-6 8.33616810006449e-7 -0.0003869451370216992 -0.1402587463205296 1.6958905649865143e-6 1.1709293887930191e-6 0.1762491513001551 0.001063241068312567
0.9999867192030486 0.8929966189531828 1.0123619976517973e-7 1.143326999257011e-6 4.358056722414788e-5 0.0246347718964103 1.0491019825106089e-6 1.5573168869435288e-6 1.0611841603113497e-6 7.438220447478959e-7 -2.584361621007364e-5 -0.13704656393167425 1.700804499094865e-6 1.17034267205914e-6 0.17578792777667143 -0.0030027964930832707
0.9999853843552534 0.8936737126875458 6.209391577113364e-8 9.75863184807502e-7 4.403107876206828e-5 0.024002991763492305 1.0968748102888674e-6 1.4936416824095648e-6 9.999607962256939e-7 6.654091881526715e-7 0.0005666534115623262 -0.13429094134135927 1.7014801726195824e-6 1.1471722699848658e-6 0.1748628465000856 -0.007282846781992577
0.9999842297024746 0.8943331319692615 2.5754391254695487e-8 7.818993148701864e-7 4.4550763620517275e-5 0.023388580890593754 1.1171991097177902e-6 1.3909395878556687e-6 9.490906688952426e-7 6.380906107897819e-7 0.0013004253839813268 -0.13201295192041745 1.6972518216217028e-6 1.1250311760818798e-6 0.17343999102532773 -0.011682317843284218
0.9999831107404329 0.8949755738920672 1.687600358177575e-8 6.668233348481416e-7 4.5026063840494935e-5 0.022791204450261733 1.1544307031977045e-6 1.3331184703843646e-6 9.042936622512027e-7 5.884797313660985e-7 0.0020841251180865883 -0.1302165203260946 1.7101402490513469e-6 1.143549999554729e-6 0.1715042347990422 -0.016103586269488226
0.9999819580284356 0.8956012357211944 9.211818112917522e-8 2.2419427239242958e-7 4.551374280365059e-5 0.022210231987658858 1.21444325544931e-6 1.2327463264586793e-6 8.66401688779464e-7 5.240788687196792e-7 0.002828595084526077 -0.12888866077322036 1.7378349172553585e-6 1.1724571043760105e-6 0.16905875813415372 -0.020448705119426723
0.9999806730648351 0.8962105480872052 1.5112607812777218e-7 -2.1670648130648048e-7 4.598558166434666e-5 0.021645194882334698 1.2642414452914096e-6 1.1504997576312592e-6 8.169638022732294e-7 4.872715351934068e-7 0.0034498093284670087 -0.12800047765940273 1.7457658952911432e-6 1.1979517987192911e-6 0.1661249424682661 -0.024623422049883166
0.9999793612683109 0.8968043478953787 2.2575037201315066e-7 -4.960688272904746e-7 4.642334818145196e-5 0.02109570232038895 1.3132562314474436e-6 1.0771995606863327e-6 7.586350487156749e-7 4.706076544136138e-7 0.0038716701434350805 -0.12750848368220907 1.750098016625559e-6 1.2166217529920878e-6 0.1627411874627988 -0.02854028018017179
0.9999779464334215 0.8973829751843023 1.334742834054618e-7 -5.038288029123702e-7 4.682311203872494e-5 0.02056123881272225 1.3426791517581779e-6 1.0315133190203914e-6 7.07616919392988e-7 4.6774364258102845e-7 0.004028497924787806 -0.12735661844143573 1.7493558873520558e-6 1.230921159055079e-6 0.15896088223381913 -0.03212141729265345
0.999976418933599 0.8979467473264097 -3.530675634104304e-8 -4.473728213849449e-7 4.720561837231357e-5 0.020041320582823735 1.341415542334068e-6 9.900498435638572e-7 6.795128082735735e-7 4.764684733471522e-7 0.003867005820319241 -0.12747842195672948 1.739936047195704e-6 1.2443586376843428e-6 0.15485031216962644 -0.03530105763968787
0.999975136216018 0.8984965917594896 -1.7873412704245687e-7 -4.181761625867271e-7 4.7270618691747654e-5 0.01953568751643676 1.374801210287721e-6 1.1530387733722068e-6 6.839226106582524e-7 5.675767391430377e-7 0.003347985389140569 -0.12779885209239694 1.7012654734694101e-6 1.2631106572438437e-6 0.15048631064942128 -0.038026872891589764
0.9999737508051704 0.899033325810139 -9.984871443091508e-9 -2.237349806691495e-7 4.7279749598879515e-5 0.019044079458543764 1.4683647346238363e-6 1.2909595521015963e-6 6.572481497242307e-7 5.456709967939498e-7 0.0024472217623594753 -0.12823970598716716 1.6876223503638624e-6 1.2378291770374913e-6 0.14595267253618818 -0.040263546323839175
0.9999730745085043 0.8995557408938567 1.1586762405148011e-7 -2.887405954159723e-7 4.7353978638545587e-5 0.01856571100235634 1.4511221409509645e-6 1.2330494035506945e-6 6.225754991857344e-7 5.034308288697124e-7 0.0011553173094818658 -0.12871992737717713 1.6767830662655416e-6 1.1681464901174404e-6 0.14133789510957984 -0.041992130482194905
0.9999722974244543 0.9000645573209517 -9.736028437182936e-8 -2.2172119960322556e-7 4.7176020219075306e-5 0.01810031072211136 1.3681628347317854e-6 1.135313822407801e-6 6.147788279527869e-7 4.6268573262258033e-7 -0.0005212349348624129 -0.12915943203061953 1.733538170562459e-6 1.2054843046561852e-6 0.13673113011241306 -0.04320992560941917
0.9999718969855743 0.9005604143360146 -1.0162722915725757e-7 -1.5187519702905244e-7 4.724898823673636e-5 0.017647202194624956 1.34373429579884e-6 1.068903956353175e-6 6.179659215303513e-7 4.616934508110741e-7 -0.002561691907204255 -0.1294818504859898 1.7014966136404126e-6 1.2596146213098296e-6 0.13221901797799868 -0.04393123619508295
0.9999714850807584 0.9010439185869461 -1.7061023714253105e-8 -1.3047823680388545e-7 4.73369757099443e-5 0.017206192195952773 1.3549686225360455e-6 9.935492153387e-7 6.123913350988516e-7 3.925253017480676e-7 -0.0049313776392726875 -0.1296169169143414 1.7135697915295375e-6 1.3293303008184404e-6 0.12788361762368702 -0.04418546060485086
0.9999707452444558 0.9015156945180862 2.3267344750806464e-8 -2.9000864463222914e-7 4.7393213361340536e-5 0.016776938618392516 1.3407680463393253e-6 8.820213848467551e-7 6.275651541293807e-7 3.6274884068179584e-7 -0.007583968396263121 -0.1295033388911443 1.6874581626602245e-6 1.3608189063832485e-6 0.12379911077785667 -0.04401641551926212
0.9999697921669917 0.9019758334309647 1.271179605896973e-8 -2.746506343448038e-7 4.748157455261329e-5 0.016358911376656033 1.2710142208863248e-6 8.045687575819375e-7 6.757637312888658e-7 3.617808277756533e-7 -0.0104623329578322 -0.1290895709546741 1.6087483946161703e-6 1.391552198605933e-6 0.12002855433365843 -0.04348072617534911
0.9999688927765003 0.9024241207721073 -3.417578363895152e-8 -2.24076635079757e-7 4.7525796460719984e-5 0.015951836818370146 1.2097328270311524e-6 7.828614061807434e-7 7.324383838161814e-7 4.057807391767879e-7 -0.013503391632015149 -0.1283374427648555 1.5531271778793416e-6 1.427392047682314e-6 0.11662579049272014 -0.0426435595613725
0.9999678864017346 0.9028609605659436 6.488201892709396e-8 -1.7468765069926507e-7 4.756834331042122e-5 0.015555288286726468 1.1745661443787878e-6 7.715346139803483e-7 7.962617867786924e-7 4.6264480499998187e-7 -0.01663695066700075 -0.1272207042074335 1.4989666264361157e-6 1.4759083182024246e-6 0.11362775327034284 -0.04157930920378096
0.9999667740961004 0.9032872102644227 3.4649115886709645e-7 3.409325824242707e-8 4.75892859102488e-5 0.015168926291972029 1.1664688940322724e-6 7.519040557246688e-7 8.45154904361465e-7 4.71817043861465e-7 -0.019790783561212787 -0.12572718938089025 1.4361771338638697e-6 1.510063243864038e-6 0.11105802007878775 -0.04036644036396481
0.9999655605208388 0.9037029887390364 5.357016855767503e-7 1.7140841022846683e-9 4.758552992019062e-5 0.014792412450092914 1.1795700431859262e-6 7.2563550051267e-7 8.904168296504156e-7 4.813086677532496e-7 -0.022892559951744777 -0.12385865167044616 1.3645663117629204e-6 1.5365034055809543e-6 0.10892478241810383 -0.03908541594564084
0.9999643255073802 0.9041078534605772 7.064534253354859e-7 -1.0908379357996046e-7 4.757717560462956e-5 0.014425395957541432 1.1910413037223352e-6 6.896646795575703e-7 9.09820079282583e-7 4.796656541605377e-7 -0.025872324689108113 -0.12163015623528957 1.3062764110990874e-6 1.5126170232516323e-6 0.10722147939401354 -0.037815570240029
0.9999629807504243 0.9045024176243267 8.739347939300101e-7 -2.870166755369099e-7 4.75420344445276e-5 0.014067534336033086 1.2116214060708949e-6 6.610007685850721e-7 9.275787869995026e-7 4.820686753487245e-7 -0.028665119857111687 -0.11906955625184189 1.29121831588155e-6 1.4554508755033386e-6 0.10592697044104459 -0.03663291964683256
0.9999616192595101 0.904887305642048 1.390510689338994e-6 -5.875376159738727e-7 4.751090982605454e-5 0.013718604558554878 1.2438221720479645e-6 6.135104505623303e-7 9.400876845699735e-7 4.685265266379322e-7 -0.031213034451284292 -0.11621570877738864 1.2936160709403625e-6 1.4275601834296947e-6 0.10500699555651359 -0.03560703437124279
0.9999602881281396 0.9052626356720643 1.6859840908167883e-6 -9.392541810693379e-7 4.74892619161729e-5 0.013378320387375067 1.2691038122434836e-6 5.569415474913464e-7 9.360207485303416e-7 4.769768488746046e-7 -0.03346698230168724 -0.11311716217280793 1.2866604343693681e-6 1.4341442870461586e-6 0.10441558008729865 -0.034799019635690265
0.9999589601031217 0.9056285783787543 1.8381664392739385e-6 -1.2404829852798493e-6 4.747603880922701e-5 0.013046413501440765 1.2927311121584097e-6 5.101316319180743e-7 9.02730043002779e-7 5.212325728521245e-7 -0.03538824002736842 -0.10983015689264951 1.2603573884906062e-6 1.4387032462621059e-6 0.10409692614856403 -0.034259549400740455
0.9999575429815091 0.9059851947227772 2.0691743363562075e-6 -1.3142143054632044e-6 4.746545537896093e-5 0.012722596146920092 1.3056954602541358e-6 4.4746999643431345e-7 8.796395516329911e-7 5.940026724468269e-7 -0.03694979934705354 -0.10641667065436254 1.2310960426233739e-6 1.4701772927820136e-6 0.10398766222487645 -0.03402774673626927
0.9999560618206729 0.9063325467631388 1.8923119438773687e-6 -1.2095435301419654e-6 4.7440184687542704e-5 0.012406608114692411 1.3025123022421536e-6 3.8490003792579546e-7 8.857372909730932e-7 6.463268781723834e-7 -0.03813662923099052 -0.10294148186544345 1.2387889919946048e-6 1.4749190829445997e-6 0.10401935371340336 -0.03412951807981385
0.9999546431757896 0.9066709455262217 1.7266178259221714e-6 -1.0163024100005133e-6 4.741141375183765e-5 0.012098223836254193 1.2981671285181969e-6 3.245643123483394e-7 8.974982981368187e-7 7.223889728665291e-7 -0.038946288099523566 -0.09947055571146186 1.241123148876285e-6 1.4912579543055084e-6 0.10412081467682857 -0.034577463265112234
0.9999532731798769 0.9070002173570832 1.8163497105146343e-6 -9.528993745331118e-7 4.738561002752277e-5 0.011797191119117615 1.2949378672821282e-6 2.621233589413072e-7 9.06904339625199e-7 8.006926403235922e-7 -0.039388427033559 -0.09606837194876823 1.2355035448302518e-6 1.4962557877163114e-6 0.10422088283733331 -0.035370669984362516
0.9999519365211528 0.9073213261705804 1.9071493710736173e-6 -9.5370618159864e-7 4.735726605504014e-5 0.011503335845710684 1.2840600351925809e-6 1.9920707037637645e-7 9.146548230467313e-7 8.736967146199807e-7 -0.03948435062123376 -0.0927957662694826 1.2430420025643854e-6 1.4900151021677124e-6 0.10425078509768218 -0.03649506162106021
0.9999507099222477 0.9076343588969978 2.2327438031361504e-6 -1.4895586443577334e-6 4.7336833075686074e-5 0.011216435035581781 1.2727514582853375e-6 1.2389846172121647e-7 9.099016600959284e-7 9.421998836572884e-7 -0.039265905917541546 -0.08970789155686482 1.2375987322520028e-6 1.4564146346484525e-6 0.10414653571995768 -0.037924274241631736
0.9999493976289677 0.907939452932662 2.3911716532607066e-6 -2.0484868851238253e-6 4.731643759377144e-5 0.010936292701734063 1.253379595237487e-6 4.717711164957574e-8 9.075921814033282e-7 9.95731641656325e-7 -0.03877416949020043 -0.08685242206354371 1.2309515446079496e-6 1.438829808682502e-6 0.1038510442147845 -0.039620838555008704
0.9999481719368147 0.9082369076007746 2.40797721522119e-6 -2.212734927747595e-6 4.7298873577450375e-5 0.010662732027103742 1.2231198922088736e-6 -1.5815621118447488e-8 9.11324974085254e-7 1.0262663845614525e-6 -0.03805773342740729 -0.08426807269420994 1.2202884993548228e-6 1.4211466905577667e-6 0.10331595493572275 -0.04153791752355978
0.9999469682971689 0.9085265402495774 2.229721427472515e-6 -1.9223179821487644e-6 4.7280738018901445e-5 0.010395566515482537 1.1844887033944372e-6 -6.269014587373938e-8 9.240278679488524e-7 1.0442954803764075e-6 -0.03717083063730564 -0.0819836008077771 1.2164804314968665e-6 1.4004921972399864e-6 0.10250311133068134 -0.04362122553091111
0.9999456748762907 0.9088087996104891 2.029967591600693e-6 -1.6532593188502876e-6 4.7266164989888055e-5 0.010134648613452136 1.140562496197368e-6 -1.0496694103616194e-7 9.348359416437306e-7 1.0523327055263857e-6 -0.03617136226727988 -0.08001695740218404 1.2161015464923917e-6 1.395116480636794e-6 0.10138571627196252 -0.0458109247956767
0.9999444503999451 0.909084000908186 1.9164213215476395e-6 -1.6541979405731069e-6 4.7255942509326506e-5 0.00987981855334347 1.0969092750415666e-6 -1.5101978246440515e-7 9.433706541860629e-7 1.0654710737038573e-6 -0.035118782829062056 -0.07837488004297061 1.2209401334588818e-6 1.3896772106964033e-6 0.09994885530673107 -0.04804414300517588
0.9999433400116405 0.9093521771088979 1.8043583009839632e-6 -1.6281937027531075e-6 4.7250881587987964e-5 0.009630927763636159 1.0502865995909672e-6 -1.9385133267137588e-7 9.45241196391467e-7 1.0755968852973399e-6 -0.03407197486982948 -0.07705303998309988 1.2268290326742843e-6 1.3793462222563605e-6 0.09818979640017482 -0.05025712528798629
0.9999422562773005 0.9096137389128552 1.6933512304825605e-6 -1.6093750431635366e-6 4.724997105706424e-5 0.00938784333420954 1.0002660332335404e-6 -2.3371047054553936e-7 9.498774093306404e-7 1.0911662778978803e-6 -0.033087204625882743 -0.07603647951451693 1.2321065116609678e-6 1.3756163101358432e-6 0.09611776155200236 -0.052387512801050265
0.9999411012842725 0.9098686224621855 1.5171471921534516e-6 -1.5412596004296119e-6 4.72476365847472e-5 0.009150419749683189 9.470620611565297e-7 -2.6662938001645994e-7 9.517703887752042e-7 1.1122499542240032e-6 -0.032216286208017635 -0.07530036513189393 1.2333431905978234e-6 1.3831573231147582e-6 0.09375331691607083 -0.054376509832312625
0.9999399487300513 0.9101171719870945 1.4441364689285677e-6 -1.4838672930700474e-6 4.724790865478332e-5 0.008918541891078222 8.951990426267083e-7 -2.964976744604765e-7 9.534997033383477e-7 1.135481409401413e-6 -0.03150484861276299 -0.07481111604572252 1.2356598643694533e-6 1.402746635013823e-6 0.0911273176004094 -0.05617092799692887
0.9999388746388191 0.9103594489338932 1.3306251977685143e-6 -1.4265375599695643e-6 4.725012084674883e-5 0.00869208751947259 8.401187741131219e-7 -3.217905328980375e-7 9.547157883841689e-7 1.1568599779533179e-6 -0.03099089693194859 -0.07452787205106279 1.2326277880183381e-6 1.4197764173876548e-6 0.08827962734315727 -0.057724852408300845
0.9999378585462496 0.9105954302320336 1.157834569326493e-6 -1.389391142125465e-6 4.725592655380616e-5 0.008470940907370992 7.816506495514856e-7 -3.4373989508706225e-7 9.638381693568586e-7 1.1673575039335749e-6 -0.030703761685572335 -0.07440405183775772 1.2337423441736545e-6 1.4354567870038408e-6 0.0852574930285667 -0.05900111896484707
0.9999367541747354 0.9108257349828937 9.794902373634825e-7 -1.3270509842135256e-6 4.726396601689773e-5 0.008255003766672207 7.220677216668608e-7 -3.6083918963505476e-7 9.683320816891919e-7 1.1798567006713538e-6 -0.030663297967030125 -0.07438912252473316 1.2405692349085299e-6 1.4518635524626193e-6 0.08211364055094762 -0.05997242063003719
0.9999352989982602 0.9110504379217534 7.714835963187289e-7 -1.2179201065887657e-6 4.726825420051007e-5 0.008044170646842845 6.616690774245158e-7 -3.7087988736035244e-7 9.644770354810224e-7 1.19736231492686e-6 -0.03087940090299585 -0.0744305281136063 1.2483047699551662e-6 1.469817792679128e-6 0.07890434691551752 -0.060622025215974186
0.9999337802045054 0.9112691551927585 6.345920949153154e-7 -1.110767685174509e-6 4.726976487429396e-5 0.007838333591360474 6.046045756711407e-7 -3.762757910564512e-7 9.612328754112637e-7 1.2038853247079416e-6 -0.031351925883592216 -0.07447556052553032 1.2558189812682672e-6 1.4933148692599246e-6 0.07568739152851366 -0.06094410006337136
0.9999324041393503 0.9114821590237339 3.189709136161497e-7 -1.12648588057626e-6 4.727826569338678e-5 0.0076373955707700735 5.445968860310377e-7 -3.7842833198286396e-7 9.61784266029294e-7 1.2068862112859044e-6 -0.03207098460014466 -0.07447320859585164 1.2632568637942676e-6 1.519172646043462e-6 0.07251997664320388 -0.06094361287908053
0.9999309753396765 0.9116902177671902 7.972917928130967e-8 -9.254341918460475e-7 4.728590861511186e-5 0.007441281695184051 4.883169527329396e-7 -3.690781487689599e-7 9.59403871817701e-7 1.2147260013572268e-6 -0.03301762591978089 -0.07437585274361545 1.2705026003435346e-6 1.535172821976635e-6 0.06945662201851335 -0.060635965019773856
0.9999295681672933 0.911893035451649 -2.636922678032003e-7 -8.91726578966186e-7 4.729309609357157e-5 0.0072499014742682 4.355553577613924e-7 -3.574984358907987e-7 9.545815194579453e-7 1.2344850068229529e-6 -0.03416466571744416 -0.07414095010433072 1.283313316418021e-6 1.552928057911102e-6 0.06654760441262299 -0.06004618440915749
0.9999280433061563 0.9120904986430379 -4.463378301497196e-7 -7.381008412012121e-7 4.730447748724518e-5 0.007063159129192831 3.867295034393553e-7 -3.3898450296564875e-7 9.61083810400862e-7 1.2317903672240005e-6 -0.03547786752752024 -0.0737323671360949 1.2892889641046457e-6 1.5432207969681112e-6 0.06383704383782726 -0.05920779473552031
0.9999265688374054 0.9122824569124397 -4.2184178313487203e-7 -3.435220608290012e-7 4.731297669650278e-5 0.006880974724974434 3.464378925320823e-7 -3.0803768355305985e-7 9.659519908070545e-7 1.2485164951252584e-6 -0.03691734245161597 -0.07312138899251178 1.3013066926500638e-6 1.624856271507757e-6 0.06136182251951364 -0.058161683722604225
0.9999250843338655 0.9124694058999958 -4.0089663910774315e-7 7.992384044474564e-8 4.733021706031568e-5 0.006703259663089535 3.1567540200745244e-7 -2.761602578012095e-7 1.0126344700615934e-6 1.2320954939178223e-6 -0.03843909585771883 -0.07228759728233282 1.326332857863473e-6 1.6343340593566396e-6 0.059149825583185246 -0.05695387443503843
0.9999239781693311 0.9126518115069455 -8.91949428286201e-7 5.57221846089246e-8 4.7365736305542665e-5 0.006529954227952583 2.8064684015663745e-7 -2.5474468159340635e-7 9.981724370146095e-7 1.2464956014203362e-6 -0.03999681590194092 -0.07121939757110714 1.311381787345699e-6 1.619566794882168e-6 0.05721991268828177 -0.05563432309652959
0.9999226393172169 0.9128299178860994 -1.0156220220901907e-6 4.0998817502136374e-7 4.739394063996113e-5 0.006360982715456255 2.535916824606464e-7 -2.2524882271355564e-7 9.713190314761918e-7 1.2780065746422183e-6 -0.04154322786655143 -0.06991425463121621 1.31747769990679e-6 1.625479845662742e-6 0.0555813240966464 -0.05425526743331145
0.9999212843419254 0.9130036675435642 -7.666802516969502e-7 7.522398495576404e-7 4.7420613275955216e-5 0.006196260692859642 2.3588852060288947e-7 -1.9368316987044862e-7 9.576370696742444e-7 1.3024873331444449e-6 -0.04303207220028645 -0.06837855628793171 1.3280708066657656e-6 1.6331320277072707e-6 0.05423337142470664 -0.05286890234576067
0.9999199283949844 0.9131731659081248 -5.465780163223498e-7 1.0187203352520061e-6 4.744986099247424e-5 0.006035691945836156 2.2026647296471686e-7 -1.6381533410136217e-7 9.481546273942946e-7 1.3157585884019414e-6 -0.04441970309605014 -0.06662707937608249 1.3383314938459648e-6 1.6208535794977495e-6 0.053165776914873716 -0.05152563326311832
0.9999187195818187 0.9133378173885571 -4.218809078056441e-7 1.2955014147893491e-6 4.748889037364857e-5 0.005879217168068897 2.1038079614444605e-7 -1.313260376180417e-7 9.325473968564034e-7 1.327242264729805e-6 -0.045666717030208005 -0.06468205234106443 1.3417644510401057e-6 1.6042622990143949e-6 0.05235945285101296 -0.0502724388713355
0.9999175667317702 0.9134981900475775 -2.376994092438214e-7 1.7668838301865331e-6 4.753388481759072e-5 0.0057267619247693205 2.0425628112779624e-7 -9.198109513523582e-8 9.113631933770697e-7 1.323659689011215e-6 -0.046738799508933934 -0.06257255162927092 1.3544439473963754e-6 1.5793715562074176e-6 0.05178722188015435 -0.04915148138499496
