0.9999999999996497 0.003804239985336289 2.97393377253476e-15 -2.224303403882876e-15 -1.2729821950618692e-13 0.7642387283828583 5.14781043649384e-15 2.624750465367778e-15 1.828276552170987e-15 -3.492643879608438e-15 0.7648286909493527 0.014880097581924299 2.4475685233103462e-15 1.2108279268084896e-14 0.008749078023775357 0.9993554008967512
1.0000000000093028 0.03303266007219309 4.1143030252919275e-15 -1.6523809122973165e-15 -3.287049614863295e-10 0.4348543417730502 2.722308955233476e-16 1.5711671443113059e-15 1.1324673147471225e-15 3.374050857441461e-16 0.44081777517327314 0.06283542833399053 5.561936950881723e-16 1.0657870290995256e-14 0.053566803134959255 0.9922213601729243
0.9999999991603148 0.08023590263609828 2.0140422710952093e-14 -6.561598303570796e-15 -1.0569609718630726e-9 0.24301499792924502 -5.956785994131925e-15 9.347975172262263e-15 3.2726093083874786e-15 2.7996052456427455e-15 0.2623074800528706 0.1072808495655405 3.763172807303372e-15 3.4108533205021928e-15 0.13675521639234517 0.9706793844864989
0.9999999987819862 0.12097435008183817 3.35449131734123e-14 -1.5032685458221115e-14 -1.1036251550819362e-9 0.1440015401606998 -5.3443631554708775e-15 8.275563187511624e-15 3.03272968718986e-15 8.86454731211219e-15 0.18359115562636907 0.13539623332869422 6.596222953086318e-15 -1.3886207482514312e-14 0.2416008389695684 0.9322674144795688
0.9999999986364135 0.14688684469439506 1.4846357293831247e-14 -2.0462181815585828e-14 -1.8471736098310538e-9 0.09071658459133415 -1.238462929259932e-14 4.49051855347471e-15 5.40823927913268e-15 1.0580788449902004e-14 0.15415140737386268 0.1492965105564943 1.587412553396146e-14 -3.293152596150806e-14 0.3495501246562738 0.880106489629052
0.999999997338682 0.16053675541822515 -1.825425679802159e-14 -5.156596206352861e-15 -4.170714550419307e-9 0.060394560459391074 -7.748908850305462e-14 -1.4146289977405216e-13 2.6699042601244398e-14 6.444460360267205e-14 0.14814753389230362 0.15280495378004377 6.227927698637691e-14 -2.7816092902223545e-14 0.45025923159536935 0.8184034165662677
0.9999999951227374 0.16647016590820887 -8.466074836780004e-14 2.5910412212891993e-14 -6.607357733590823e-9 0.04232283798769651 -3.8324974990529657e-16 -4.1366124256405937e-13 -5.071229847219649e-15 2.1771157642925336e-13 0.15306620273950616 0.1489692070954736 -8.151347620781712e-14 1.6394144632117833e-13 0.5401702462141924 0.7501111752054801
0.9999999924894452 0.1681367920080959 -1.9419676277703133e-13 1.3019414023719658e-13 -8.151996023699133e-9 0.03110353781954257 1.138544198832697e-13 -3.211147412736305e-13 1.608833956014963e-14 2.1185039095154416e-13 0.16268427448292413 0.13995317851706535 2.1917153086366093e-14 3.990602213220683e-13 0.6188482881581804 0.6768720627650447
0.9999999887232712 0.16765140305311052 2.7390533272395607e-14 -1.7359981317113136e-13 -9.265615638163806e-9 0.023853774801837983 1.2800104637117893e-13 -3.5290100781993985e-13 1.0452916556524112e-14 9.512455781003848e-14 0.17382113888444736 0.1272423187629498 -5.723715836893704e-14 3.7743064121275954e-13 0.6868183088303913 0.5995496557356855
0.9999999855790944 0.1661946133607658 1.286133692746543e-13 -4.4240315617278434e-13 -9.770288328998502e-9 0.018974601535386756 -4.10611681856121e-14 -5.626635225232469e-13 -4.6533831711745236e-14 2.8993192382505806e-13 0.18481456750853223 0.11184855652363557 -4.242070871460814e-13 -5.54218048331167e-13 0.7446894164192961 0.5186663649894292
0.9999999825581227 0.16438815901230167 -6.920009906170069e-13 -3.50723630544236e-13 -9.641656928851015e-9 0.015555103962810112 -6.389255457862018e-13 -8.331711643336856e-13 -2.365119444472077e-13 2.81987968729534e-13 0.1947744528479229 0.09447180532833356 -1.5377183741872004e-12 -2.5081149639521418e-12 0.7929006423933005 0.43465561071521447
0.9999999799138514 0.16254129976229165 -4.441702509185901e-11 -1.1346568248696415e-10 -9.263855379712816e-9 0.013064163193960962 1.4361839544446663e-10 -2.2515807985020173e-10 1.0253667046944544e-10 -2.799605160023063e-10 0.2032088186642768 0.0756157952141231 1.515265004195239e-12 3.120729822749332e-10 0.8317043247053255 0.34798147900154053
0.999999978492963 0.160795763070604 4.334233493421401e-11 -9.88418859293805e-10 -8.622527875976321e-9 0.011184677905495962 2.0240651484849144e-10 -1.7881021000018545e-10 1.1625533276647763e-10 5.848323202483106e-10 0.20983523460762885 0.0556658640637649 3.975054067901962e-11 -2.050264052093169e-10 0.8612198940343859 0.25918331530043975
0.9999999776838614 0.1592067510901766 -9.425180173210095e-11 -1.285522403612509e-9 -8.086024304791291e-9 0.009722342252121291 4.2070165814438065e-11 9.724341008434854e-10 1.5568437949172778e-10 1.1307076404560215e-9 0.2144861891456864 0.03493831919649309 2.2066857859297783e-11 -3.5307387701983495e-12 0.881495940028311 0.1688822233009784
0.9999999773399723 0.15778666944416833 9.816776945770179e-11 -3.957236906367383e-9 -7.564388322976272e-9 0.008554650781673851 -1.8464583919182338e-11 2.381674905433119e-9 1.3055385636829238e-10 1.2683188699932353e-9 0.21706207285015308 0.013710188466325476 -3.551995196051659e-11 3.0901247260803656e-10 0.892561274775845 0.0777705850167506
0.9999999769844803 0.15652823528916027 -7.425349077416991e-12 -4.64576019502982e-9 -7.062951518447752e-9 0.007601978851203348 -1.6846573091210558e-10 2.3681407925617007e-9 1.6086924109913264e-10 1.483963300214211e-10 0.21750806837416026 -0.007763769024086372 1.3109370371286364e-10 1.7842646002350426e-9 0.8944618944822447 -0.013404578819269694
0.9999999770403929 0.15541621769851457 -1.387627692341385e-10 -7.470544141830724e-9 -6.886928404343351e-9 0.006810893393765388 -2.3497976807263816e-10 1.6442519604168989e-9 9.110573347353873e-11 -1.0657627488370146e-9 0.21580286893354253 -0.029242049924699295 6.994193440151581e-11 5.003822948235757e-10 0.8872858743168982 -0.10385928427079016
0.9999999771889106 0.15443323418432167 2.0528512154591808e-10 -6.8164198116087e-9 -6.768817380628148e-9 0.006144400347090477 -3.126549651298744e-10 1.318794520222841e-9 4.086923944414219e-11 -1.217024014150834e-9 0.21195310877435541 -0.050492166186854204 -9.472608361772955e-11 3.364952894790886e-10 0.8711791999151569 -0.1927892551082087
0.9999999773059427 0.15356244806839642 4.1624186894227046e-10 -6.039736187248327e-9 -6.867638477307325e-9 0.00557609193066816 -3.313445285823108e-10 7.603522797433589e-10 4.368447076002153e-11 -2.376733464563552e-9 0.20599046106062924 -0.07128920482292378 -4.569063158318253e-11 -1.4508800561039492e-9 0.8463551590086016 -0.279384930695174
0.9999999775589047 0.15278866647525013 2.4528255047015327e-10 -6.109240794425626e-9 -7.475536337940553e-9 0.005086594111592104 -6.543664525047645e-10 -1.837131184067416e-10 1.1519996241049181e-10 -2.4412141230958515e-9 0.19796989991835617 -0.09141598278521851 -1.4518957848220354e-10 -1.365543663054177e-9 0.8130992124820111 -0.3628448330968904
0.9999999779669011 0.15209862968211554 3.413787402435552e-9 -5.85791829449027e-11 -8.074232163365552e-9 0.0046613374660130985 -7.643333884144692e-10 -5.407538644975163e-10 2.3117036858405214e-10 -7.664114377936014e-10 0.187968405353883 -0.11066405390125175 -2.8463611099110775e-10 -4.28224529275886e-9 0.7717706705907419 -0.4423874623279893
0.9999999781789045 0.1514809797125194 5.997647335898092e-9 4.179491509393586e-9 -8.448274170727898e-9 0.004289133083280064 -2.513470097715604e-10 2.3888546835996272e-11 2.490516174028316e-10 -4.998401488789416e-10 0.17608377423305407 -0.1288351249417992 -3.0232521937138915e-10 -5.480703919872359e-9 0.7228020814566021 -0.5172618608366403
0.9999999779724296 0.15092604205464677 9.022775937419502e-9 8.028604570738453e-9 -8.749544641346971e-9 0.00396123337699103 -1.4187623935944843e-11 1.559938603062378e-10 3.337446691094336e-10 1.2541650446830467e-9 0.16243337398453064 -0.14574267602262417 -4.0227293316837195e-10 -3.0362268157297213e-9 0.6666968811505632 -0.586757142252246
0.9999999777745734 0.15042562098043857 1.2100712936280606e-8 1.0966346872181797e-8 -9.129784482578085e-9 0.0036706890487405905 -6.302224643949664e-11 2.403945819247114e-10 2.5525661468327784e-10 3.2130792871112874e-9 0.14715279136614726 -0.16121359219563783 -1.861843185335871e-10 2.2408936211964457e-9 0.6040257162829596 -0.6502110277711622
0.9999999775244072 0.1499727847319979 1.1713267594634746e-8 1.0815206560214483e-8 -9.434174749834344e-9 0.003411899134719772 5.365667267142457e-10 6.635843432760748e-10 2.2139612647744103e-10 3.332849551844448e-9 0.13039434218285811 -0.17508975263784857 7.577380323870945e-11 4.551180949176265e-9 0.5354216692423812 -0.7070175214219683
0.9999999772777289 0.14956163575075665 8.265896021246883e-9 8.76080562477801e-9 -9.317132931253763e-9 0.0031802943295370935 2.2647900426782327e-9 1.6526223322677165e-9 1.774204824014644e-10 3.593739839104649e-9 0.1123254492352341 -0.18722950812539524 1.496144153091816e-10 5.373412560258714e-9 0.4615746053193527 -0.7566337294634298
0.9999999764841552 0.14918714200922958 7.764020084354002e-9 8.544599838778296e-9 -8.837466159377797e-9 0.0029721178143538715 2.8115586862920015e-9 1.9124766565325325e-9 8.870171684535426e-11 4.09508899552675e-9 0.09312687509204437 -0.1975090322362108 2.5364931923026255e-10 4.8519738220794285e-9 0.3832247631704007 -0.7985858522617029
0.9999999755890305 0.14884501873472508 6.918636342686505e-9 8.12964330081982e-9 -8.141156294094458e-9 0.0027842580895816563 2.5974688288506715e-9 1.8972895421883557e-9 1.012326496231371e-10 5.825039577703679e-9 0.07299085414343126 -0.20582349393894867 2.785283517012064e-10 7.346646805229313e-9 0.3011557540316141 -0.8324743296657909
0.9999999742601808 0.14853160907995522 3.552498410112442e-9 7.269133333315504e-9 -7.411709719244455e-9 0.002614111899297211 3.3696443062690162e-9 2.1608722337027313e-9 7.893324590581929e-11 5.565494418001714e-9 0.05211910837519734 -0.21208805854449952 2.824490082708304e-10 7.972132319383784e-9 0.2161869912462076 -0.8579781727248554
0.9999999724318914 0.1482437287350533 3.403167585643569e-9 7.099244154108473e-9 -6.30082312030511e-9 0.0024594847390062378 3.747662367444238e-9 2.1650361694542195e-9 7.426393380503827e-11 5.7584008040105245e-9 0.03072078526302338 -0.21623869117035555 5.504402788482758e-10 7.082466387232171e-9 0.12916571005762467 -0.874858423336794
0.9999999700813942 0.14797863061370156 1.257553809640717e-8 7.8560578884027e-9 -5.020837821351646e-9 0.002318516036756224 2.083809667449816e-9 2.1562717015785337e-9 1.5174171808732523e-10 3.2271761055886676e-9 0.009010349922126728 -0.2182327534334979 6.182647490312965e-10 -1.668218421358407e-9 0.04095873584286474 -0.8829607196890724
0.9999999675982738 0.14773393599368514 2.6709002921882584e-8 7.662296732550551e-9 -3.375005715180914e-9 0.002189616365681812 2.1275320840460667e-11 2.238025988796046e-9 1.1289417995157868e-10 1.3711795361910966e-9 -0.012794596284507695 -0.21804940031455874 6.298046577109313e-10 -4.237435128680801e-9 -0.04755605582047959 -0.8822170063829053
0.9999999654051535 0.1475075842223977 2.4402671913951205e-8 8.272053522060904e-9 -1.6348086853699457e-9 0.0020714245763352452 9.256452758138169e-10 2.1443211105463984e-9 -1.4535842313511106e-10 5.236779891204862e-9 -0.03447552550132134 -0.21568975532954562 7.608741417713352e-10 1.4442056675331793e-8 -0.13549840643927719 -0.8726463350874661
0.9999999627023871 0.14729771501655503 1.1591170107668048e-8 1.0970412871511495e-8 1.889570319029918e-10 0.001962774459752797 3.872034172481327e-9 1.574757494470547e-9 -3.4731030526557903e-10 7.2109649656669195e-9 -0.05581518258522816 -0.21117686957592896 1.2299171125375039e-9 2.221607514678519e-8 -0.22199437525610566 -0.8543547676649232
0.9999999596627029 0.14710274692603673 1.3235457839574514e-8 1.0638505933985306e-8 2.1253159314264516e-9 0.0018626479860398427 6.754815773918067e-9 4.581616940566087e-10 -6.568985094331889e-10 6.5736779110662395e-9 -0.07659974501811218 -0.20455546939736569 1.0341603097252482e-9 1.795429278425302e-8 -0.3061848822242748 -0.8275344145966762
0.9999999563505819 0.14692130233962822 1.7963631102694846e-8 8.881728687089078e-9 4.466854576691625e-9 0.0017701628885989566 5.719984395713575e-9 9.34739620459037e-10 -6.745115006363432e-10 4.829168517947774e-9 -0.09662100612014973 -0.19589147866380843 8.587550977273291e-10 9.44915462903745e-9 -0.38723430785723384 -0.7924615713046849
0.9999999527601329 0.14675211328183144 1.9781131724843682e-8 7.913296539756123e-9 6.958822597759786e-9 0.0016845448731094776 3.793658537923079e-9 2.1872915374660886e-9 -7.561682512681823e-10 4.687652292394375e-9 -0.11567844340369159 -0.1852713412371775 3.704344650962639e-10 7.605852629475418e-9 -0.46433874239983364 -0.7494940147437041
0.9999999489310962 0.14659406307156883 1.7380504546804507e-8 9.781698988414157e-9 9.417447642536434e-9 0.0016051301209588336 3.6305664993954905e-9 2.280022155894148e-9 -9.094806283616704e-10 5.187572910014839e-9 -0.13358122017084265 -0.17280114366544216 2.699395100077008e-10 8.277199905430344e-9 -0.5367339274463705 -0.6990674927587287
0.9999999443127532 0.14644619136781656 1.8059467894922847e-8 9.54902399922911e-9 1.2050870174607376e-8 0.0015313246251736402 3.6778564759788997e-9 2.6224402890066435e-9 -1.1310103198740216e-9 5.19125346033828e-9 -0.15015011347654744 -0.15860552633371203 3.5753323901782235e-10 7.803175800664292e-9 -0.6037028356993089 -0.6416914160786332
0.9999999397650613 0.14630762669615988 2.0736237474627574e-8 6.82305628617446e-9 1.5077919898593903e-8 0.00146260659682691 4.455809476233303e-9 1.9162034302227563e-9 -1.1733926235121186e-9 2.4619773066660064e-9 -0.16521930157662137 -0.14282642275123042 5.766187756097427e-10 2.1502318208321873e-9 -0.6645828064562835 -0.5779437867259876
0.9999999349097419 0.14617758384604657 2.166020136137546e-8 5.586757106411949e-9 1.8502892175013387e-8 0.0013985131668798672 4.6615672662092146e-9 1.1743708863257973e-9 -1.3425698195780435e-9 2.305535955825013e-10 -0.17863800803813057 -0.12562163651992428 7.335398163274501e-10 -3.4710668419096305e-9 -0.7187720675310982 -0.5084654982571252
0.9999999296576908 0.1460553678145342 2.0345552669066248e-8 7.729176302274822e-9 2.2167872820696194e-8 0.001338631929623626 5.253424833380521e-9 -7.286967236338525e-12 -1.6507076697684926e-9 -2.237947430481367e-10 -0.19027201565039237 -0.10716324817714176 6.310452588002423e-10 -3.796454936567661e-9 -0.7657357185496424 -0.4339539555414805
0.9999999242654403 0.14594033606077977 1.8432345484531777e-8 1.1514162630476563e-8 2.6189121559325845e-8 0.001282597401565074 5.7993499964582155e-9 -1.148343883558558e-9 -2.0007377519997124e-9 3.1231312946291342e-9 -0.20000501009058907 -0.08763587216298487 5.978049440509982e-10 2.4094669790963856e-9 -0.8050110277002716 -0.3551561409486793
0.9999999185428071 0.14583192184669835 1.8316747297978998e-8 1.237904815204264e-8 3.084839300395393e-8 0.0012300864086625903 5.962375117251626e-9 -2.104460066730517e-9 -2.1726565858799318e-9 6.555590038146864e-9 -0.20773973018487146 -0.06723481321506544 3.46701452556992e-10 1.2274698924444223e-8 -0.8362120179620909 -0.2728611734038124
0.9999999124710225 0.14572961924748867 2.075243187492412e-8 5.241661856517265e-9 3.587568841581472e-8 0.0011808009496428254 5.376195925848903e-9 -3.9512234083852116e-10 -2.2902214738443716e-9 7.2805531228344315e-9 -0.2133989389995751 -0.04616410080377579 3.2641634836479966e-10 1.5195070518412874e-8 -0.8590332656489874 -0.18789248174933218
0.9999999061934238 0.1456329736931772 2.2385788382594047e-8 -3.094069735325213e-9 4.113939781451349e-8 0.0011344786690536367 5.735855403935831e-9 3.703014811157146e-10 -2.144419855082257e-9 7.2550001011021606e-9 -0.21692619044583317 -0.02463444007971844 4.468371725158036e-10 4.956730587271195e-9 -0.873252925049637 -0.10109957464287445
0.9999998993130425 0.14554156760602743 2.2547389417145662e-8 -9.628555684321138e-9 4.652169518238412e-8 0.0010908876427617275 6.621020364069897e-9 -3.7785432716645214e-9 -1.8063040111430657e-9 6.3210236780347525e-9 -0.21828638538420841 -0.0028611040983574205 2.6173750243288984e-11 -4.031743028579116e-9 -0.878734896282931 -0.013349637512715317
0.9999998919398255 0.14545502766550183 2.2256016263577694e-8 -1.0829834083903047e-8 5.27829476707702e-8 0.0010498097740575597 6.637384394049397e-9 -8.359526605112662e-9 -1.8414414210567397e-9 6.5363945407351816e-9 -0.2174661175655145 0.018938224815912383 -6.745315115937585e-10 6.707750060268754e-11 -0.8754301529922341 0.07448111122506751
0.9999998836966635 0.145373013991764 2.125174497564012e-8 -1.5971912582357694e-8 5.9541093544263565e-8 0.0010110543100181047 6.8615386118346375e-9 -8.940197849415614e-9 -2.0572883085535413e-9 8.798086891530547e-9 -0.214473801920507 0.040545639729843236 -9.662722975558791e-10 4.194815325082984e-9 -0.8633772049030054 0.1615161690134458
0.9999998748194456 0.145295203577788 2.0882224005857845e-8 -1.9445939854880868e-8 6.617417137129405e-8 0.0009744538929637656 6.804417138061744e-9 -1.0686934093130864e-8 -2.0180017425032497e-9 1.1443796920616004e-8 -0.20933958202365308 0.06174518404831513 -1.3376180690896986e-9 1.295817052612404e-8 -0.8427016798210081 0.24688743457693876
0.9999998656849847 0.14522130080971463 1.9631583250621957e-8 -2.4505708022216937e-8 7.330487142412732e-8 0.0009398491509305104 6.05759366732525e-9 -1.3715546910466222e-8 -1.937754508760546e-9 1.292889350406696e-8 -0.20211502486207067 0.0823250128100228 -1.848375568153385e-9 1.489140379127267e-8 -0.8136150444578328 0.32974384965711107
0.9999998558909551 0.1451510359351944 1.723881186732648e-8 -3.108278783963953e-8 8.130244340805405e-8 0.0009070930133899783 4.970142611753855e-9 -1.6712130953188535e-8 -1.908407879084107e-9 1.439988162938985e-8 -0.19287259764339332 0.1020795118956076 -2.196684220969126e-9 1.2306735239081566e-8 -0.7764124726852014 0.40925986071693
0.9999998448279688 0.14508419240160653 1.719314720695108e-8 -3.198248287035405e-8 8.992843063044306e-8 0.0008760564119791325 4.204762996012672e-9 -1.6561320180661736e-8 -1.8274762282678573e-9 1.5433586527128424e-8 -0.1817049388030504 0.12081135363406881 -2.285991369245433e-9 1.1982348979403396e-8 -0.7314698718150456 0.4846436388128373
0.9999998336216304 0.14502051991626477 2.052225960118391e-8 -2.8280150239728083e-8 9.86425830364011e-8 0.0008466189043157661 5.63643554305637e-9 -1.3947010995920033e-8 -1.624974142430271e-9 1.581173755479296e-8 -0.16872391939011422 0.138333479881777 -2.6015387604381075e-9 1.1156524371262815e-8 -0.6792400854496599 0.5551449850536436
0.9999998219644869 0.14495982386615208 2.532941650866716e-8 -2.281437272296518e-8 1.0816869396546348e-7 0.0008186671759065408 7.481035288923452e-9 -1.1615325057531415e-8 -1.424803893417889e-9 1.4655011858843781e-8 -0.1540595332697999 0.15447094553031013 -2.8976751372470165e-9 1.1413571643773048e-8 -0.6202484155291912 0.6200626937418431
0.9999998102065488 0.14490192522807746 2.030817205693394e-8 -2.7005130643263327e-8 1.1853098326646364e-7 0.0007921027814911647 8.750654451017912e-9 -1.0345838486903273e-8 -1.3057600809670153e-9 1.4154346436004863e-8 -0.13785858105852428 0.16906268678957165 -3.4876314529643687e-9 1.6855099692438538e-8 -0.5550873161540693 0.678751594700695
0.9999997980804931 0.14484666754822303 1.6379627554815314e-8 -2.9791000913053586e-8 1.300077553233872e-7 0.0007668360957873828 8.371449057118694e-9 -1.0508368809172026e-8 -1.2077190092935063e-9 1.4006882369787327e-8 -0.12028319903545712 0.1819631235005437 -4.374153482122865e-9 2.4933249574702096e-8 -0.4844104728262862 0.7306289435776716
0.999999785440935 0.144793861326359 1.8525777150161807e-8 -2.853616432399946e-8 1.4194799843059215e-7 0.0007427856129430126 5.642144419949324e-9 -1.2121927711524154e-8 -9.37510264166945e-10 1.4182639357182603e-8 -0.10150923252393479 0.1930436126932539 -4.851877328964655e-9 3.2260847558364543e-8 -0.4089262419983526 0.7751802190021829
0.9999997718611134 0.14474336648487907 2.6381864569475544e-8 -2.5340101144225342e-8 1.5407135308768097e-7 0.0007198748178539065 3.884777311994503e-9 -1.297653127506477e-8 -7.167087282186372e-10 1.4022080559052964e-8 -0.08172448526801779 0.20219372243129297 -5.277729322964375e-9 2.9487647634208977e-8 -0.329390628914482 0.8119641834145546
0.9999997569836114 0.14469506084673414 2.8733848199550986e-8 -2.4589348929006564e-8 1.6601780735266808e-7 0.000698034795939276 2.7951802690894235e-9 -1.3144451841591126e-8 -4.390728934528329e-10 1.1141795185579925e-8 -0.06112682527959194 0.20932234124526353 -6.0155192400309455e-9 2.09060316591123e-8 -0.2465996942846525 0.8406172824188276
0.9999997414174844 0.14464881672418137 1.7747306519796788e-8 -2.7242511481693877e-8 1.7828556012167372e-7 0.0006771924781119106 -7.152106277826846e-10 -1.3553468617424559e-8 -1.1872575505509113e-10 9.544721873058394e-9 -0.039922209321472196 0.21435858070216274 -6.524462808603443e-9 1.8060684122020635e-8 -0.16138161436914392 0.8608572317509681
0.9999997252386083 0.14460450912957784 4.861420772839633e-9 -2.9334414481261105e-8 1.9053746831368021e-7 0.0006572877078916557 -1.1958468867094414e-9 -1.3311309090494962e-8 9.073695859050237e-11 9.103695329892665e-9 -0.018322620951225766 0.21725247896270272 -6.929713284083913e-9 1.5194468753425798e-8 -0.07458839119852953 0.872485804610337
0.9999997084002736 0.14456197330979256 1.0925448894492548e-9 -2.967388595819259e-8 2.0333274400439638e-7 0.0006382646841995628 -6.425302826314869e-10 -1.280800848649716e-8 4.0455570183331655e-10 9.745426172525374e-9 0.003456049650606387 0.21797549515994913 -7.39030531657799e-9 1.8479834524266762e-8 0.012912630781118366 0.8753907674252505
0.9999996909010969 0.1445211154682764 6.5446429967269865e-9 -3.0518247479339814e-8 2.1661050255336117e-7 0.0006200743821699853 -8.767238893571302e-10 -1.2515473244328555e-8 5.202042673593218e-10 1.1230212144524803e-8 0.02519614734121684 0.2165207906973079 -8.527270446715562e-9 2.4267748094232417e-8 0.10024735096424284 0.8695469721433212
0.9999996731181938 0.14448188911984763 3.2448761160120433e-9 -3.0002043888771115e-8 2.3031144514638238e-7 0.000602666376614903 -2.371984747742309e-9 -1.1791602249469318e-8 6.344953535802536e-10 9.15333166203438e-9 0.04668044944275902 0.21290329468120142 -9.688536952862919e-9 1.6332889512866534e-8 0.18654371875733494 0.8550165826790221
0.9999996545700717 0.14444423215324803 -9.18539675435561e-9 -2.6527355700950225e-8 2.4407036124276364e-7 0.0005859953684739798 -3.6058116813505634e-9 -1.1026950865912975e-8 7.202621412109516e-10 5.837382579679101e-9 0.0676943352308167 0.2071595487478812 -1.1049683909829149e-8 1.8698741284897455e-9 0.2709404221867887 0.8319484192542971
0.9999996353882207 0.14440804586949918 -2.3927955464393142e-8 -2.0496008995170278e-8 2.5769206181147867e-7 0.0005700216949314537 -4.48781041552545e-9 -1.0011850520780484e-8 8.016404027403301e-10 4.003323070660315e-9 0.08802793501381562 0.199347333510379 -1.2523681230723598e-8 -8.307485047632683e-9 0.35259549374219795 0.8005764268736028
0.9999996165346855 0.1443732224019833 -3.3994175883570606e-8 -1.5127140818218314e-8 2.718822340288078e-7 0.0005547020984662072 -4.523831016566028e-9 -9.15466001085995e-9 8.846947740536103e-10 5.0811594740126e-9 0.10747820861597408 0.18954509211850912 -1.3884523257937244e-8 -7.825899244047647e-9 0.43069462574411255 0.7612173356210324
0.9999995972059136 0.14433972735860653 -3.5347288475312344e-8 -1.3965561696596388e-8 2.8631178156867466e-7 0.0005400065573684118 -6.140352431201215e-9 -7.2577944230226196e-9 9.826450543660774e-10 6.7686314104227115e-9 0.12585097999499215 0.1778511408291221 -1.5052292290629308e-8 -3.9352336411483016e-9 0.5044593120887702 0.7142674671795957
0.9999995774125496 0.14430748408571073 -3.3526219647363656e-8 -1.4792056913834458e-8 3.0137776970823963e-7 0.0005259021952424296 -8.57791636157957e-9 -3.934153378745357e-9 1.159782957531563e-9 7.037201399722597e-9 0.1429628866057496 0.1643826758070038 -1.592422099774263e-8 -4.288893332755338e-9 0.5731546381687664 0.6601987329558178
0.9999995570371988 0.1442764237376552 -2.988081401516769e-8 -1.7389733690821182e-8 3.1685224992111793e-7 0.0005123580959101885 -1.1818398033608724e-8 4.3059908040046975e-10 1.6018926458579222e-9 6.796683219527583e-9 0.15864319691443635 0.14927460569894416 -1.6346306217271695e-8 -8.686699492959547e-9 0.636096555196367 0.599553925039649
0.9999995361397193 0.14424649400290643 -2.919976327243825e-8 -1.6519936275812226e-8 3.3348774577358987e-7 0.0004993417388972166 -1.398709177318035e-8 4.300677338282253e-9 1.951863006379716e-9 4.849233535974149e-9 0.1727355210502287 0.13267819389527072 -1.7170803273905552e-8 -2.2554750481239948e-8 0.6926587121496648 0.5329412551927722
0.9999995139475846 0.14421765478780124 -3.405289167425758e-8 -7.914675379777546e-9 3.5060596688178286e-7 0.00048682868457109444 -1.4549942495586678e-8 5.763167162672943e-9 2.6278438942556007e-9 7.229510397847225e-10 0.18509936342314248 0.11475955210565433 -1.7356194221882142e-8 -3.859876030641359e-8 0.7422786546904455 0.4610282991741165
0.9999994918384866 0.14418984198000948 -3.730652774839371e-8 -1.7650199190697521e-10 3.688855300603624e-7 0.00047478952032198996 -1.1843896048779408e-8 6.978048161973417e-10 3.5654635471599454e-9 -3.6859567763896863e-9 0.19561153204850845 0.09569796472185149 -1.661840941199696e-8 -5.337980669357457e-8 0.7844634455736755 0.38453527792288267
0.9999994691406704 0.1441629823294252 -3.856516474286074e-8 3.3646244568191158e-9 3.879667905992941e-7 0.00046320391362734503 -6.7640322291545404e-9 -1.0924544377156862e-8 4.0050464754670564e-9 -7.909646934360222e-9 0.20416736154269197 0.0756840995670605 -1.687864256329731e-8 -6.308861778974971e-8 0.8187945518449076 0.3042278608427112
0.9999994457659322 0.144137005192775 -3.644370406985931e-8 -2.897152786859036e-9 4.084149243414604e-7 0.0004520435180585467 -3.64264339336266e-9 -1.748450320746109e-8 3.743127865796325e-9 -9.94710347809435e-9 0.2106817524208848 0.054918107565800414 -1.7956274482606233e-8 -6.242100655570593e-8 0.8449319819348071 0.22090954444759614
0.9999994212036186 0.1441118956755999 -3.463804430862213e-8 -1.3574162402575301e-8 4.284687383981641e-7 0.00044129308793186317 -2.022482747345566e-9 -2.1666490018710668e-8 3.5669813912722218e-9 -1.2696089254575205e-8 0.21509002118858678 0.03360761932839427 -1.828907604694346e-8 -6.714235944310072e-8 0.8626176703724595 0.13541360415685555
0.9999993959557589 0.14408764124965015 -3.5344355960347506e-8 -1.4593788447694804e-8 4.485031185288255e-7 0.0004309311604383734 -1.4347716393185929e-9 -2.4067885827142414e-8 3.2664861314567874e-9 -1.0543833341942345e-8 0.2173485432437939 0.011965651030908651 -1.971079904397208e-8 -5.4339310712613286e-8 0.8716780268448556 0.04859470924365781
0.99999937102126 0.14406418612415775 -3.6069464033481643e-8 -7.239145292461545e-9 4.7011724699130653e-7 0.0004209333040595115 -9.561436042068742e-10 -1.922896838228928e-8 3.1774631595126396e-9 -7.391916872404608e-9 0.21743518228403105 -0.009791508449892829 -2.023046859551002e-8 -3.866440382415185e-8 0.8720256311880691 -0.038679552184698485
0.9999993444052361 0.14404150632087845 -3.6283181084752253e-8 8.760658513078248e-10 4.917189851163577e-7 0.00041129121811310027 -7.270124339223182e-11 -1.7252736138048087e-8 3.30002600383392e-9 -2.065412205143718e-9 0.2153495040406988 -0.03144645980410834 -2.0407448079807794e-8 -1.8452862687775535e-8 0.8636600707018841 -0.12553732227138056
0.9999993163660386 0.14401956123110904 -3.6424677829513245e-8 7.440846911350909e-9 5.130829474624902e-7 0.0004019855053435809 2.9759727533627316e-10 -1.490568433803551e-8 3.460676658335766e-9 4.666431734390026e-9 0.2111127808398957 -0.052782870859957184 -2.096333794248668e-8 3.821494839045298e-9 0.8466679298630831 -0.21111121138641048
0.999999288417745 0.1439983085893016 -3.4854900975721907e-8 1.843476522591634e-8 5.35536678219822e-7 0.0003929951591740769 1.5497117955860054e-9 -1.051732452738203e-8 3.846673229611223e-9 1.0103504920633962e-8 0.20476777162030044 -0.07358763892775164 -2.052622080321458e-8 2.057764594815801e-8 0.8212218891852465 -0.29454695535929604
0.9999992597013029 0.14397771249113903 -3.4005040209306194e-8 2.4218245631429933e-8 5.587913984901796e-7 0.0003843079771061459 1.3213177968179851e-10 -1.2604957745822928e-8 4.575815082875612e-9 1.6832341744127117e-8 0.19637829198152298 -0.0936530080682349 -1.9751904512480546e-8 3.725910699920945e-8 0.7875789858653889 -0.3750118890602286
0.9999992291083676 0.14395777156485037 -3.4499248393081405e-8 2.3955306438982647e-8 5.810738750544095e-7 0.00037592263580702844 -1.1875920448399661e-9 -1.607890975831501e-8 5.433057152850207e-9 2.4085480278816258e-8 0.18602857032932074 -0.11277865976760479 -1.8551784845549535e-8 5.509242620319547e-8 0.7460780087860089 -0.45170331564452926
0.9999991979571146 0.14393844322504765 -2.431706877348218e-8 3.85361215783671e-8 6.037821318398241e-7 0.00036780987793977 1.5615907273179764e-9 -1.2528744819454018e-8 5.743991216384637e-9 3.262086952959365e-8 0.17382240506240368 -0.1307736996109833 -1.9171586975478838e-8 7.439251714901936e-8 0.6971361002053605 -0.5238564692316998
0.9999991655847781 0.14391969279568737 -7.83417432751236e-9 5.666606951606547e-8 6.270886103150878e-7 0.000359960580380229 6.936505017055114e-9 -6.765537492288951e-9 6.3909413745252065e-9 3.316418305090069e-8 0.15988211897084473 -0.1474585723572842 -1.8573585837153504e-8 6.64904700402821e-8 0.6412445592636572 -0.5907521552218191
0.9999991308871892 0.14390150711530916 8.011572194207727e-9 7.115127589351862e-8 6.499208620239028e-7 0.00035237069567892393 1.145844705073914e-8 -2.365578650286603e-9 6.700987058892082e-9 3.3117753141479116e-8 0.14434733855372364 -0.16266684640926307 -1.892767376942746e-8 5.808798988092051e-8 0.5789639324110887 -0.6517238959680098
0.9999990954621311 0.14388386122556115 1.9535472336974175e-8 7.850980526408519e-8 6.725889649653399e-7 0.0003450201706991605 9.231171163552788e-9 -4.282683425912927e-9 7.4249485242495925e-9 2.8594714447241357e-8 0.127373585846052 -0.17624688108646097 -1.7630909828678804e-8 3.53422332867341e-8 0.5109183641108748 -0.7061645962780774
0.9999990592792388 0.14386672911636775 2.6637784759629153e-8 8.115465742296111e-8 6.962112425718759e-7 0.0003378979828912573 2.405230108600766e-9 -8.222553135828385e-9 8.543006090319647e-9 2.7371529143177732e-8 0.10913073337899559 -0.18806332947323723 -1.530823545501912e-8 2.7394572481331757e-8 0.4377893831048266 -0.7535325540818189
0.9999990201175303 0.1438500910977171 3.524371567129929e-8 8.425759604075481e-8 7.18885803373137e-7 0.000331001224144515 -3.735526002630684e-9 -1.0537594785198408e-8 8.907921380956717e-9 2.874974431807496e-8 0.08980129907468243 -0.19799849206900583 -1.5388818457579554e-8 3.205205411732155e-8 0.36030906946647456 -0.7933568645661396
0.9999989795733675 0.14383392422076383 3.525696449945588e-8 8.252282013011022e-8 7.427424897193854e-7 0.0003243155725954297 -9.117612288581066e-9 -1.2765067596766914e-8 9.66439444936869e-9 2.7203798105716195e-8 0.06957861695849281 -0.20595349056159767 -1.355100685192073e-8 3.0219987455324375e-8 0.27925271128203766 -0.825242105893008
0.9999989397621424 0.14381821999792446 3.877726997133277e-8 8.300767396870097e-8 7.677679607414555e-7 0.00031783030401881784 -1.2228270311199053e-8 -1.3209192127591274e-8 1.0098166335768314e-8 2.4235416752638473e-8 0.048664906084997676 -0.21184925025264773 -1.3307929695998591e-8 2.138307074249432e-8 0.19543107270381516 -0.8488722583476369
0.9999988969487767 0.1438029897219643 6.84834125986454e-8 8.811607456945202e-8 7.918981956016936e-7 0.00031155201437163874 -2.3385638768630277e-9 -1.0408208247576739e-8 1.049132094647276e-8 2.3289301202062013e-8 0.027269249659945864 -0.21562728500996237 -1.3322895629160958e-8 1.9497728411703646e-8 0.10968228857703402 -0.8640138287992153
0.9999988541519559 0.1437881793672821 9.980516126671025e-8 9.060874516456829e-8 8.169187118107992e-7 0.00030545849794335337 1.1251358693872489e-8 -8.223602720381491e-9 1.1106754331980124e-8 2.389077823520601e-8 0.0056055057282800675 -0.21725027842806482 -1.252984858189317e-8 2.379743722351271e-8 0.022863495515794842 -0.8705181668928786
0.9999988093917842 0.14377376160683927 1.0629764280996144e-7 8.989692385882822e-8 8.410333266613744e-7 0.00029954550755915006 7.708365693381299e-9 -7.707552641927788e-9 1.2104933937155948e-8 2.455850620132171e-8 -0.016109845340523225 -0.21670245342598027 -1.0685908424729611e-8 2.8594093681488568e-8 -0.06415778850855688 -0.868322925416145
0.9999987636181632 0.14375975610565359 9.369267059878924e-8 9.17162577396649e-8 8.65547067161239e-7 0.0002938098229709606 -2.9396944456368816e-9 -5.651051722213258e-9 1.2916749669741538e-8 2.675463642007865e-8 -0.03765983325199121 -0.21398972225114504 -9.89181135284163e-9 3.802728036872297e-8 -0.150512219095506 -0.8574526469918007
0.999998715744783 0.14374612119887573 7.253125963229424e-8 9.528089985001194e-8 8.893075734612601e-7 0.00028824385759397927 -4.3273174422945685e-9 -5.229457659394063e-9 1.3810656573787254e-8 2.305455547132561e-8 -0.05882919621784256 -0.20913962476606676 -9.039953257229738e-9 2.456797536724995e-8 -0.23533741104515074 -0.8380185031575871
0.9999986663371251 0.14373286148932757 6.756699390087834e-8 9.456056569344185e-8 9.1313774250335e-7 0.0002828322452515545 -7.175359573848156e-9 -5.131008486491417e-9 1.520848656680736e-8 1.9330036215463526e-8 -0.07940651617857872 -0.20220104940280803 -5.930355936634839e-9 1.1577646324194807e-8 -0.31778649456363883 -0.810217158026755
0.999998615493996 0.143719948602049 7.268728044203213e-8 8.97117335163665e-8 9.363685758527917e-7 0.0002775735255445834 -6.95966975430426e-9 -5.732391809463797e-9 1.5780462916098705e-8 2.140523683462828e-8 -0.0991863327891204 -0.19324374050636461 -5.908171584015819e-9 1.9788256990377525e-8 -0.39703657542696963 -0.774328783051291
0.9999985646003945 0.14370736946227472 8.239660457198441e-8 8.10089679713389e-8 9.595293312660497e-7 0.00027246119607581346 -7.466018377371265e-9 -5.850188905029912e-9 1.663204457230769e-8 1.832289825370088e-8 -0.11797119942703815 -0.18235759204241053 -4.091123619693158e-9 8.783214477530265e-9 -0.4722969627515664 -0.7307142172786758
