0.9999999999840087 0.0010102453497843702 6.845908580096711e-15 1.6846769120862746e-15 -5.741234203392648e-12 0.9352101357056104 -1.5408696197241797e-15 -1.626051369752182e-15 -5.792462282338367e-16 -1.4697364710166436e-15 0.9353764539404008 0.00417754479058656 -1.9576112727928796e-15 -3.139993932095422e-15 0.002295836905548316 0.9998299580893386
0.9999999999453609 0.010245750806293773 2.280409983714046e-14 7.760718507363424e-16 -3.753825624263807e-10 0.8123650949078148 -1.6420182367092664e-14 2.7779476947515527e-15 -1.928499871164047e-15 4.3144599449933084e-15 0.8144175173323331 0.022514226767827765 -3.3589242614050352e-15 3.651832547150532e-15 0.01501340532679002 0.9977979023459937
1.0000000000462683 0.030662570040726842 2.950647293510203e-14 3.2160789125764806e-15 -3.6075507472546867e-10 0.7023631591137487 -8.711795564115601e-15 -7.896912663138543e-15 -2.006157311749961e-15 9.670074669223315e-15 0.7101484492631215 0.04890363573628044 -6.732093720559164e-15 -3.270275682966305e-14 0.04036949734646425 0.9912132633446886
1.000000000605714 0.058316916375423446 7.387866113239248e-16 2.0101861556229728e-14 1.4303287890009124e-9 0.6167204221337426 1.2012631838967612e-14 -4.039762139654854e-14 4.651667590052812e-15 1.7230858523592456e-15 0.6352242505355283 0.07602020303538579 1.6615651096979625e-14 -1.8971282356913097e-13 0.0759773509950732 0.9781239028485051
1.0000000026513995 0.08920487733674433 -3.682310796655733e-11 2.3121428729651773e-11 6.339173745482657e-9 0.5502936334028861 1.307065248297937e-10 -5.381604174669449e-11 1.274937526839932e-11 -9.515380916659897e-11 0.5846284218449035 0.10027161488016725 4.3317469089248125e-12 -7.700940259785684e-12 0.11820675245161888 0.9576551361516712
1.0000000078162712 0.12091691963958824 -1.6502076420803005e-10 9.897358973106111e-11 3.1040234677186e-9 0.4974259253248442 3.1445511579109364e-10 -1.2429237878305865e-10 3.24280805574434e-11 -5.962348948409703e-10 0.5521815366297528 0.12001189447148294 4.417213409897461e-12 6.622261286730651e-11 0.1636158266614568 0.9297642980872981
1.0000000179049264 0.15220982798930083 -1.203975915172538e-10 4.234828835749174e-11 -1.4197221619482164e-8 0.454134546718411 4.50509067241223e-10 -1.1533608847000529e-10 -5.081435115032622e-11 -1.6624439796720562e-9 0.5330391410928709 0.1344358265644938 4.59894710650965e-11 5.498985287384358e-10 0.20938358542204472 0.8949370995292527
1.0000000310779238 0.18248986607834586 -1.9267234409492042e-10 2.8524156853512905e-10 -4.2334146785149905e-8 0.4177883103118325 1.6886100004324498e-10 8.300936727192162e-11 1.1872695112104084e-11 -2.48741246082262e-9 0.5235579602106011 0.1431566796783684 -1.3061921769230353e-10 1.1343159083966924e-9 0.2533308866843246 0.8539748581634474
1.0000000409980934 0.21149880828051343 -9.803599112375823e-10 2.176688907666191e-9 -7.008453665917276e-8 0.38663533635362307 -5.436826368206177e-10 -1.5403107586166708e-10 7.727478749837978e-11 -4.629047608204869e-9 0.5209287846038557 0.14604819261852897 -1.8163201153365953e-11 4.663274096388326e-9 0.293831215115287 0.8078624937475294
1.0000000487607035 0.2391478461630674 -2.9591682820457264e-9 5.1865391795214316e-9 -9.591494109210246e-8 0.35947868242756414 3.033157388776276e-9 -3.4900860024731032e-9 3.143249643325434e-10 -5.777372801642191e-9 0.5229128147527873 0.14317825334915552 -6.23034456126752e-10 6.114262783619291e-9 0.32971515271790697 0.7576844416574652
1.000000056445298 0.2654327122141652 -4.092303012588555e-9 7.369421254938968e-9 -1.1993866438013896e-7 0.33547637968292 3.914449692709795e-9 -5.286370602417485e-9 2.4582592247182726e-10 -6.35076339233198e-9 0.5276798847743094 0.13477409095902032 -7.346151326310694e-10 6.038519244221482e-9 0.3601920396091125 0.7045664791629831
1.0000000642308315 0.29039033378063156 -4.431877478569955e-9 8.292051107738652e-9 -1.4000629657535788e-7 0.3140195621383813 4.229797864045346e-9 -6.752786845092632e-9 2.3278129468002976e-10 -6.478037767035841e-9 0.5337125325290152 0.1211979185302216 2.4951148573745364e-10 4.9444818414639536e-9 0.38478849989776814 0.6496322165314505
1.0000000733020191 0.31407655337026524 -4.119977410713356e-9 8.058436009075449e-9 -1.5321133214984084e-7 0.2946567474436138 4.925608522485335e-9 -8.608704832568589e-9 4.287462017157218e-10 -6.008426094893667e-9 0.5397489061291638 0.10292565970567541 -1.2848602773996042e-10 5.540059312085121e-9 0.4032990768838123 0.5939687267695781
1.0000000826352922 0.33655463755123843 -3.5475576346891927e-9 6.140308342621482e-9 -1.6428672667115135e-7 0.2770455998818831 4.664027873088481e-9 -6.878117637199404e-9 1.7460608730057459e-10 -4.262007995212217e-9 0.5447478337874772 0.08052631905426072 -7.035909624658104e-10 1.6094791651078574e-8 0.41574471248451267 0.5385987175038833
1.0000000899758628 0.3578893053410912 -3.4133157751374264e-9 4.840735757271562e-9 -1.7132406627607846e-7 0.2609214363274437 3.592248721302576e-9 -2.254212160203858e-9 6.944372752991927e-10 -3.759806714394443e-9 0.5478662371318586 0.05464130985536432 -1.8370236937557933e-9 2.0413379184597424e-8 0.42233613195752406 0.4844581602394351
1.000000093897601 0.3781437575800769 -3.511691247647878e-9 3.827716039883552e-9 -1.7777162090169035e-7 0.24607596708849208 3.1155769571862643e-9 1.0129917258510737e-9 1.5569104422409804e-9 -5.4827918339183326e-9 0.5484431230719458 0.025963745499676644 -1.8758173798856974e-9 2.5633216488035428e-8 0.4234403814057821 0.4323786952342007
1.0000000962104145 0.397378224033252 -3.7955839200984774e-9 3.958584641966713e-9 -1.8434579445628595e-7 0.23234267665662559 3.0206230372836354e-9 2.5120726504078154e-9 1.573315823359805e-9 -3.884832639862137e-9 0.545986713061956 -0.00478201190690479 -1.9050424694127732e-9 2.5697197989272823e-8 0.419549563896753 0.3830747053157084
1.0000000965096096 0.4156493991106679 -4.2465206607895364e-9 2.1956388090646766e-9 -1.888573586302449e-7 0.21958656414147168 3.091434261775316e-9 2.288681452949934e-9 1.2369488597067531e-9 -1.236094806213052e-10 0.54016271289132 -0.0368601042442918 -2.155933243842685e-9 2.5771109410162885e-8 0.4112513708547706 0.33713459611624086
1.0000000996793286 0.4330102928877242 -3.5204224749937015e-9 5.9031894119379e-10 -1.9418943002082353e-7 0.2076968089736467 2.7686209233602677e-9 3.6975301855452324e-9 1.1930761058844551e-9 2.2745559964986843e-9 0.5307825928895841 -0.06954179916683606 -2.2639559014652636e-9 2.1717462436733632e-8 0.3992013224176894 0.29501610445901144
1.000000101550917 0.44951030479727544 -3.908875269449079e-9 7.581900255146878e-9 -1.995171225574577e-7 0.19658135702771742 3.861135554059653e-9 1.7757529159089518e-9 1.912878141070607e-9 4.894342473952685e-9 0.517791275719087 -0.10212271458614298 -3.2963756967902944e-9 1.5312065914325896e-8 0.38409675959956097 0.2570454570368786
1.0000001018041316 0.4651954396609268 -2.2761067370191295e-10 1.5870239621382648e-8 -2.0417047499235421e-7 0.18616293405063822 3.868030197801622e-9 5.471577210856068e-9 2.295323613930809e-9 1.2322950666764286e-8 0.5012540124777424 -0.13393824933722467 -4.503926616532614e-9 8.685561957054598e-9 0.3666527703420882 0.22341990124512456
1.000000104084969 0.4801085646082778 4.92786717588621e-9 2.747591110075268e-8 -2.0881641530965789e-7 0.17637603769399288 8.335633710689218e-9 1.1865592359544955e-8 2.2235863140818295e-9 1.898733115400381e-8 0.481342353164546 -0.16437694419412094 -4.369530721277778e-9 3.4030362176267117e-9 0.34758031851448584 0.19421335423410158
1.0000001081404575 0.4942896372745993 8.009489692113888e-9 3.332032677574865e-8 -2.147700601015129e-7 0.16716463985793295 1.1266253433191581e-8 1.3141745601665544e-8 3.5448282662829456e-9 2.0680248964879066e-8 0.4583194337877109 -0.1928916744550595 -6.3741565520693635e-9 6.5935757330349034e-9 0.32756671548229666 0.16938481048378196
1.0000001153006668 0.5077759689625958 4.979029916279816e-9 3.219194614666874e-8 -2.2381243817859295e-7 0.15848042409108506 9.93174606820689e-9 1.052631662744453e-8 4.506980625308415e-9 1.4894863305302534e-8 0.4325246772252371 -0.21900855117369467 -6.1510059328050916e-9 1.0452588941822937e-8 0.30725864812645876 0.14878898395480977
1.0000001276090476 0.5206024672392847 5.478272835999136e-9 3.457181866271248e-8 -2.394071099742433e-7 0.15028137179774081 8.888793461967562e-9 8.570079201210367e-9 5.877757968588435e-9 1.2555504857195917e-8 0.4043582445409335 -0.24233333823364828 -6.298864386065824e-9 1.2063591358172006e-8 0.28724790592491745 0.13218871249170605
1.0000001414353485 0.5328018619059139 5.099277383014945e-9 3.379958428794217e-8 -2.616938337494972e-7 0.14253070074111843 8.936768636504112e-9 1.0053101871373471e-8 6.465187545916789e-9 1.1920634053913098e-8 0.37426549245626606 -0.2625555828339563 -7.2928352041378105e-9 1.7088819078124926e-8 0.2680598761584219 0.11926878911325135
1.0000001528936346 0.544404890763719 5.9897299725005205e-9 3.602939124195987e-8 -2.896955776875662e-7 0.13519597122145544 8.992136200689166e-9 1.154834941842882e-8 7.065957363323939e-9 8.867803017612757e-9 0.3427217878053481 -0.27945036319557115 -8.457455450586297e-9 1.520302082830658e-8 0.2501447143919985 0.10965054700258577
1.0000001621352672 0.5554404682853364 8.272950360592892e-9 3.8131945640725605e-8 -3.2426804139554275e-7 0.1282483936925774 8.51842043892771e-9 1.3547917010418181e-8 8.579776678344618e-9 3.824522715279144e-9 0.31021782782799623 -0.2928779438806058 -9.983343825991422e-9 1.0118000135280398e-8 0.23387152120741783 0.10290719104281851
1.0000001708031314 0.5659358728356265 6.024290129849916e-9 3.8105497142013814e-8 -3.659802871065733e-7 0.12166226446527793 1.4427573885764076e-8 1.3480351999999875e-8 7.933952801288319e-9 -7.843031270455341e-10 0.2772459229944351 -0.3027813183698703 -1.1167635157088061e-8 7.152558339243785e-9 0.21952499347247995 0.09857887745941762
1.0000001748974732 0.5759168563114074 7.768733662699615e-9 3.7964960095820433e-8 -4.119187210984455e-7 0.11541447477664667 2.7427195366498852e-8 1.7420523337531586e-8 7.4160328756670965e-9 -2.7614700841026267e-9 0.24428731738886994 -0.30918198854080636 -1.1627258441845195e-8 2.949389615530836e-9 0.2073046469339075 0.09618762111359136
1.00000017345633 0.5854077451329934 1.9202492868057797e-8 4.147051817739109e-8 -4.6452238295732123e-7 0.10948420038658753 2.242087455640563e-8 1.0616540489045638e-8 7.56126468438464e-9 -2.4483457592139988e-9 0.21180085844358257 -0.31217414331639404 -1.079390043094519e-8 9.449212317023627e-9 0.19732636414584948 0.09525144881713934
1.000000167752109 0.5944315798284499 2.9588449709594927e-8 4.061503544578912e-8 -5.243785180968932e-7 0.10385253649805168 2.1687556065802955e-8 6.81240057268416e-9 6.503584089057755e-9 -2.322271602063898e-9 0.18021310410371666 -0.3119174630850402 -9.768269416532612e-9 1.3533384813579407e-8 0.1896259808068215 0.09529753598040096
1.0000001549750768 0.6030101992904028 2.7190295089019737e-8 3.787183674417859e-8 -5.903837862004525e-7 0.09850223765728414 2.216686192096436e-8 -3.983112326306452e-9 3.7090340582648433e-9 1.0065774701750494e-8 0.1499099755279159 -0.3086289605986379 -1.1434729221698113e-8 1.4672484477270327e-8 0.1841648163866858 0.09587410292822704
1.0000001338441582 0.6111643354910079 2.5523079420371872e-8 3.189946083871815e-8 -6.596419222596277e-7 0.09341752424875815 1.12220091305444e-8 -9.711380930611831e-9 6.562879502213099e-10 3.178093561611205e-8 0.12123013974878714 -0.30257394161189344 -9.153135361780137e-9 9.373431189154023e-9 0.1808366532459625 0.09656086677682905
1.000000105291801 0.6189137364634218 2.4304903392964608e-8 2.601480636160853e-8 -7.346682824329603e-7 0.08858388011416268 7.738909207826472e-9 -9.17765164623532e-9 -5.0767655759727444e-9 6.13210047735341e-8 0.09445997383493543 -0.29405652129979687 -3.6423151466399543e-9 1.6662320225118272e-9 0.17947601206902158 0.0969778544639882
1.0000000696530185 0.6262771556810087 2.3525230940124923e-8 2.356727760738801e-8 -8.167351113674198e-7 0.08398788888533364 1.7282552220031632e-9 3.90710419765714e-9 -1.1462483241956264e-8 8.063728151379687e-8 0.06983030484716345 -0.2834098607421165 -1.5179574836939114e-9 -9.203892817130864e-9 0.17986732087652366 0.09679250731121289
1.0000000259394128 0.6332724639666225 1.577602879473026e-8 2.8671545680603676e-8 -8.983543586284036e-7 0.07961717047108165 9.433163389043392e-9 2.896743241178489e-9 -1.781900047890144e-8 1.0364946886715823e-7 0.04751464160447438 -0.27098642521513805 -9.631328303899931e-11 -8.267177314108693e-9 0.18175475841855626 0.09572503703593341
0.9999999792138928 0.6399166781487425 1.0063411714212443e-8 3.524479318700019e-8 -9.81557870432891e-7 0.07546019604330013 5.482372073895473e-9 8.46056393911504e-9 -2.3429362226681188e-8 1.222736322514571e-7 0.027629051179875987 -0.25714849845066834 2.2900814137303574e-9 -1.3414298263549715e-8 0.18485238553354247 0.09355196122560663
0.9999999273403221 0.64622603573946 1.4182550530146833e-8 4.1681657185289545e-8 -1.0751759336403325e-6 0.07150621435453117 -3.6284786480378278e-9 2.3961768721206374e-10 -2.8942931626753762e-8 1.226597859388864e-7 0.010233366989257558 -0.24225911382331333 5.936911289466913e-9 -2.7488414255135347e-8 0.188854277837471 0.09010794126770408
0.9999998720114348 0.6522160244694857 2.7384546168812867e-8 4.394532240153418e-8 -1.1679455188303926e-6 0.06774517954821097 -1.2579173137405505e-8 -1.2659628179551173e-8 -3.3036511865021697e-8 1.1187964238254395e-7 -0.004666202754272861 -0.22667371154438284 1.1145420841461836e-8 -3.6064270244209496e-8 0.1934445606765492 0.08528594415567074
0.9999998104017463 0.6579014362785695 3.7712364244627725e-8 4.849947383229981e-8 -1.2642229669444155e-6 0.06416768015704782 -1.7866186284199313e-8 -2.1864599196399725e-8 -3.800167718372991e-8 9.194113095491364e-8 -0.017113404369949355 -0.21073255013305106 1.6431224452671287e-8 -4.124379226174898e-8 0.19830688195273824 0.07903594724920612
0.9999997412698856 0.6632964121008202 5.211010790068748e-8 4.0046783910707334e-8 -1.361415054544718e-6 0.060764820214291616 -2.6623093357331516e-8 -3.157370718383695e-8 -3.810957370050016e-8 8.388834412522737e-8 -0.02719740205165591 -0.1947539894680036 2.4625278544828664e-8 -4.039942506168161e-8 0.20313321199156648 0.07136212283713265
0.999999663373666 0.6684144751185774 5.8276883554796885e-8 2.0939884852330702e-8 -1.4613733125962878e-6 0.05752829363273162 -3.984926524573529e-8 -4.5127808667826224e-8 -3.713029434275091e-8 8.118646593325879e-8 -0.035047340523096805 -0.1790289248373577 3.156767879556981e-8 -3.765546116146336e-8 0.20763180649563973 0.06231901524393843
0.9999995799206284 0.6732685251007857 6.674211823012734e-8 7.397213794266378e-9 -1.5655864881942441e-6 0.054450275656896675 -4.3501708113030274e-8 -4.772728691624943e-8 -3.6500334118282443e-8 9.23599352962797e-8 -0.040826415966042154 -0.16381616459861187 3.7239327058775294e-8 -3.6096607282812336e-8 0.21153426199807604 0.05200641981234169
0.9999994913167202 0.6778708999769416 8.084001985497966e-8 -8.242272527736553e-9 -1.666687508419375e-6 0.05152325277194722 -4.851658206687431e-8 -5.8011774700457235e-8 -3.5754049065945693e-8 7.545298764813417e-8 -0.044725541813913076 -0.14933899554271063 4.2696570283959805e-8 -2.0388441495296043e-8 0.21460135122982255 0.04056367591921172
0.9999993957969723 0.6822334162510534 9.009595072718727e-8 -2.7714930273647223e-8 -1.7582957321405955e-6 0.04874025034596095 -6.05866073712897e-8 -3.0613571283440125e-8 -4.073944013028545e-8 5.5123601795201935e-8 -0.046956808750049 -0.13578283280805004 4.147525217276879e-8 -7.1283008751681035e-9 0.21662771441382395 0.028163228601118164
0.999999291332329 0.6863673862437226 1.051047725542772e-7 -4.9049156369712446e-8 -1.8540350688225055e-6 0.04609459270230283 -7.701639102934024e-8 -2.1502072869211862e-8 -3.645136311911034e-8 5.146848656937995e-8 -0.047746951640136634 -0.12329400044345892 3.831628507176627e-8 -9.729337699254163e-9 0.21744551162637749 0.01500376980662233
0.9999991715759557 0.6902835831736978 1.0339122689503012e-7 -6.517973340407106e-8 -1.970122434477858e-6 0.043579907440289625 -6.296815734375825e-8 -1.8186622740984966e-8 -2.3873881349348784e-8 1.0696621236581508e-8 -0.04733083504674626 -0.11197949984410555 2.2933930545655597e-8 2.6389728493691267e-8 0.2169264962866722 0.0013033162883260112
0.9999990343871125 0.6939923577953676 1.0219907777149589e-7 -7.785994607050488e-8 -2.089120663518106e-6 0.041190123546396305 -4.9650170897562856e-8 6.160008451094305e-8 -1.9427474810211642e-8 7.680842915758218e-9 -0.04594540444694864 -0.10190773879783685 2.044322147066289e-8 1.5664467166436436e-8 0.21498335721786963 -0.01270813822022367
0.9999988714723924 0.6975036081990297 8.833985934157084e-8 -9.733723145440764e-8 -2.183262136131641e-6 0.03891958450854181 -1.8697697051472547e-8 1.0528955170746788e-7 -5.579939969814975e-9 -1.886415625479922e-9 -0.04382394160711658 -0.09311023264038709 1.0055934785669812e-8 2.098952770110333e-8 0.21156959754592913 -0.026795112666408737
0.9999987037025523 0.7008268193286677 6.276877004165713e-8 -1.2316877127293768e-7 -2.2593813724811165e-6 0.03676284634535817 1.669239396492094e-8 1.292705612655429e-7 -1.3636391883595825e-9 -1.2605235352715322e-8 -0.04119087025531923 -0.08558389965631767 7.542895868670397e-9 2.5262900327672188e-8 0.20667860411202343 -0.04072338942956488
0.9999985119162295 0.7039710887520213 4.933113324570203e-8 -1.455703153652741e-7 -2.3331639829636706e-6 0.034714720806910154 5.1233308747369474e-8 1.6447785404039738e-7 9.890302524210147e-9 -3.0196004419459354e-8 -0.03825715494640679 -0.07929415004910093 -1.1177870220190803e-8 3.3793081867725624e-8 0.20034165496560186 -0.054266265166124414
0.9999983246116558 0.706944997768657 3.3104520377753094e-8 -1.585988588753376e-7 -2.384500374546486e-6 0.032770104223451085 9.636784240410662e-8 1.8768071463412488e-7 1.5345820304506756e-8 -3.858416508247703e-8 -0.035216327415183796 -0.07417853354612067 -1.991144991305685e-8 3.40640731823601e-8 0.19262481342985327 -0.06720971845096511
0.9999981290506798 0.7097569133521902 8.392316424691866e-9 -1.8518331862943266e-7 -2.447028131733362e-6 0.030924353554646008 1.3919751747018433e-7 1.755704357232956e-7 2.008305435503323e-8 -6.25130422604557e-8 -0.032241437448987637 -0.07015058294389173 -2.6949907131036705e-8 4.8051784474871204e-8 0.18362583099354576 -0.07935761802892265
0.999997917538887 0.7124146961691635 -9.13337962354158e-9 -2.0611752150385498e-7 -2.530048943795448e-6 0.029172902400566816 1.7817786251229974e-7 1.8601652998860095e-7 2.819959498355763e-8 -6.417948988456737e-8 -0.02948251992907171 -0.06710424783575958 -3.666860823282013e-8 5.560513698102167e-8 0.1734696715436386 -0.09053544978642938
0.9999976496431356 0.7149261478478994 -2.9991287866339855e-8 -1.9129153554271746e-7 -2.6494599872741096e-6 0.027511357703002802 2.2253074699987973e-7 1.8463421730989143e-7 2.3001541993834923e-8 -4.7310537617018696e-8 -0.027064932476271827 -0.06491806081829629 -4.319609944029258e-8 2.4346620704053618e-8 0.16230439568142926 -0.10059382957183674
0.9999973890262907 0.7172983041606491 -5.4406230595534186e-8 -1.7800629376539828e-7 -2.763589208158635e-6 0.025935537458822166 2.685457485870665e-7 1.805655982640058e-7 3.559254393251562e-8 -6.660879616775139e-8 -0.025088448984967787 -0.0634598033376805 -7.110788001042509e-8 3.799769854768768e-8 0.15029592301410707 -0.1094107265299531
0.9999971368125867 0.7195381448941237 -9.299234831357922e-8 -1.606751351767163e-7 -2.8441082046414306e-6 0.0244415212370689 2.802001949555282e-7 1.4771677364395108e-7 4.8664588871949335e-8 -8.32712053418597e-8 -0.023626913079176907 -0.0625906668172525 -8.006757993019301e-8 3.867142925811754e-8 0.13762322116068623 -0.1168931971282301
0.9999968324273496 0.7216522974839671 -1.1695643701144396e-7 -1.1745320213168357e-7 -3.0069474647829564e-6 0.0230255154407634 3.250880420791372e-7 1.3140475908978925e-7 3.859466655338595e-8 -6.697340218043732e-8 -0.02272879288462704 -0.06216957935600155 -9.054981347975907e-8 3.030920236802297e-8 0.12447352044254703 -0.1229780179407077
0.9999965157756806 0.7236470774679137 -1.4762977280015555e-7 -8.455796497165987e-8 -3.1282166788381346e-6 0.021683971848953945 3.322765341769205e-7 9.472819089239193e-8 3.042476319818026e-8 -7.418932609734612e-8 -0.02241811802115059 -0.062057012334944 -7.817515656433352e-8 1.394640914316746e-8 0.11103726617007041 -0.12763167950982998
0.9999962149097802 0.7255285896395628 -2.0408372586714452e-7 -4.969803627200441e-8 -3.2646869839239378e-6 0.020413285733825073 3.3143104973836576e-7 3.845530639552019e-8 2.4535379588085108e-8 -6.808822000987214e-8 -0.022696019624662663 -0.06211855028064658 -6.333872502081412e-8 -1.0694020083461402e-9 0.09750358886171906 -0.13084975001814014
0.9999958574572629 0.7273026693032197 -2.2010924546911566e-7 1.1872434761258973e-8 -3.445028991403282e-6 0.019210169627965852 3.774663210017808e-7 -4.828273602854038e-9 8.595776438351405e-9 -6.083373964413046e-8 -0.023542746569697168 -0.06222802460422766 -4.5006369924072084e-8 -1.430971113167855e-8 0.08405615364753939 -0.1326554404408789
0.9999955118535039 0.728974706318128 -2.822693825178013e-7 5.0249228450935455e-8 -3.6244804693905004e-6 0.018071427047647515 4.1446077087502173e-7 -4.596146120724961e-8 4.893281087341991e-10 -6.44824395036798e-8 -0.024920033519877625 -0.06227022833235112 -2.9578344788865798e-8 -1.923200305780785e-8 0.070868901189209 -0.13309735439160092
0.9999951006309621 0.7305501927608655 -3.312839247858985e-7 1.538872121201952e-7 -3.835648527715128e-6 0.016994072143555784 4.1527680648713e-7 -4.6439651171899654e-8 -2.0136418985906444e-8 -7.137634049302852e-8 -0.02677370163597005 -0.06214303225858363 3.741156116144422e-8 -7.564616609323414e-8 0.058103052942486126 -0.13224750404295124
0.9999947030992743 0.7320339475192681 -3.9037794294647253e-7 2.2212188009038543e-7 -4.035285162337236e-6 0.015974979580426613 4.451979626619595e-7 -7.329154759575966e-8 -9.581370735750452e-9 -8.074212892294674e-8 -0.029036574336011874 -0.061759247282420306 3.744069495512382e-8 -8.204993883054513e-8 0.045903939568965726 -0.13019792406792804
0.9999942057114898 0.7334310045740167 -3.9877677845243284e-7 3.594264241199751e-7 -4.3380611244107975e-6 0.015011516246803415 4.2631052769912947e-7 -4.00638750756435e-8 -2.9052359309379138e-8 -9.909828990001803e-8 -0.0316312787389299 -0.061047516105503866 8.910724026548832e-8 -1.9216498923718544e-7 0.03439871444790696 -0.1270580481430883
0.9999936811199296 0.7347458648489228 -4.066670365190394e-7 4.7270218392784357e-7 -4.628695134120097e-6 0.014100934798373717 3.779010410392044e-7 3.3679442026626294e-9 -2.8407996033620608e-8 -1.490548548245499e-7 -0.03447340131180582 -0.05995338516812131 1.2775375323154498e-7 -2.866263933879499e-7 0.02369469313111711 -0.12295063295562245
0.9999932024678059 0.735982725868634 -3.6816975197897997e-7 5.609698656100815e-7 -4.882536657305397e-6 0.013240559149593552 3.987011760557458e-7 6.868621004832211e-9 -1.245917604415573e-8 -1.6869566168172523e-7 -0.037474274361319185 -0.05843917265257265 1.290904793970966e-7 -3.513542369322409e-7 0.013878159644072475 -0.11800877887069829
0.9999926316198398 0.7371459976985734 -3.4977683969554864e-7 6.382389367847706e-7 -5.221947335697043e-6 0.012428075082132709 3.8275819042144184e-7 9.250753238729597e-8 -3.02899719513269e-9 -1.9719297236697627e-7 -0.04054375033475972 -0.05648382993948632 1.442603594246636e-7 -3.6685391242978964e-7 0.0050136132407562 -0.11237247301019264
0.9999920258051018 0.7382395510442745 -2.98723599306347e-7 7.356905387218372e-7 -5.673549798982738e-6 0.01166106261573826 4.5899438585191295e-7 1.1921947164327233e-7 -1.1588840411285722e-8 -1.7186668213414333e-7 -0.04359307693747774 -0.0540823475753527 1.3833217776453787e-7 -4.1167949517997757e-7 -0.0028560441167258003 -0.1061847087462205
0.9999913598872958 0.7392671892302463 -2.611974738886932e-7 7.938302398217622e-7 -6.196408323773523e-6 0.010937393935012352 4.923116174696738e-7 1.2399726629026795e-7 -1.0564654355209577e-8 -1.511751237800587e-7 -0.04653698357112474 -0.05124470908618309 1.1684620232564228e-7 -3.0469023297328687e-7 -0.009709273224636366 -0.09958854978325986
0.9999906500522268 0.740232496152098 -1.975494779776967e-7 8.327020728998634e-7 -6.709978103034793e-6 0.010254843661342071 5.112199573061071e-7 1.1698792325403989e-7 3.6127534206260644e-10 -1.3512924992346078e-7 -0.04929602255125052 -0.0479945133496281 6.280272266376343e-8 -1.5061662139677282e-7 -0.015544763040777902 -0.09272391115047707
0.9999899019469269 0.7411388339043111 -1.0433306096497426e-7 8.774350803756225e-7 -7.2284892770098e-6 0.00961120267980492 5.507977156439456e-7 1.3372957956014466e-7 2.0073148460744367e-8 -1.760929153929361e-7 -0.05179826887050688 -0.04436745846136969 1.670049703013906e-8 -2.0708095001107988e-8 -0.020380174168475918 -0.08572489908579078
0.9999891246564778 0.7419895300776884 2.5859691091016253e-8 9.136918841528953e-7 -7.758983994829241e-6 0.009004571468781492 5.850117558649909e-7 1.5216537963115396e-7 3.6254301292199885e-8 -2.2755042990818332e-7 -0.053980926364517796 -0.040409512158048846 -2.1168819370516392e-8 6.407929593651986e-8 -0.024250567431507785 -0.07871721820302736
0.9999883010186226 0.7427876573972192 1.6155459460080992e-7 9.650080592753687e-7 -8.274032722188205e-6 0.008433004762049202 6.619740777171491e-7 1.8978064710586804e-7 5.684024741697967e-8 -2.8215847190935837e-7 -0.05579129141501602 -0.03617500835440629 -9.31627562541131e-9 6.143774903173646e-8 -0.027206138813674903 -0.07181611119553104
0.9999873964310687 0.7435362619911017 3.260771412283665e-7 1.0016305631480451e-6 -8.908480987799238e-6 0.007894680042871059 7.441701553678388e-7 3.2548565919015166e-7 8.05446734353036e-8 -3.227972166824251e-7 -0.05718776383330448 -0.03172476973769483 -4.1425727486218305e-8 5.872719555852513e-8 -0.029310461860320967 -0.06512474170944642
0.9999864992637099 0.7442380891452691 4.783856086767646e-7 1.0117100095711088e-6 -9.495454123119739e-6 0.007388023375899948 8.265244467995953e-7 3.537177231960113e-7 9.186540983344932e-8 -3.663550766634548e-7 -0.05814011120997915 -0.027123759524411983 -2.861491172913712e-8 2.2162339343939306e-8 -0.030637790764448385 -0.0587326362761587
0.999985579250936 0.7448957744298004 6.081726557450816e-7 9.964108415738165e-7 -1.0046112911551848e-5 0.006911267549437743 8.696194987081293e-7 3.5080463593991283e-7 9.503252987633313e-8 -4.2406331468723765e-7 -0.058629740196538875 -0.022439521460616466 2.008713773903775e-8 -8.411531561635082e-8 -0.031270666346094246 -0.05271484575291359
0.9999846025145758 0.7455119266385883 6.936040994077151e-7 9.332721088072851e-7 -1.0617250175997425e-5 0.006462888011503992 8.89484573584723e-7 3.3850206588011196e-7 7.239568672119734e-8 -4.1750016236302634e-7 -0.058649416932494966 -0.01774007325723165 2.1730894841796918e-8 -1.1842789904401912e-7 -0.03129765118959937 -0.047131689095705545
0.9999836525636399 0.7460887990029581 8.006830948122053e-7 8.368507746901674e-7 -1.1182750608892652e-5 0.006041215795325658 9.413032891733459e-7 3.466525563332659e-7 5.2090940879457885e-8 -4.5409554682715956e-7 -0.05820281989870912 -0.013092141272838944 -2.6105766265756105e-8 -1.0211734144080556e-7 -0.0308106751627624 -0.04202835532744517
0.9999826232306009 0.7466285924375318 9.297444367211769e-7 7.266488940221193e-7 -1.175933530088249e-5 0.005644868109328568 1.0950406132747366e-6 3.746687535594202e-7 9.28422331951623e-8 -4.6853711253815205e-7 -0.057304082133946256 -0.008559436323492648 -2.8650345074105155e-8 -1.473984063563893e-7 -0.02990320360574407 -0.03743524088293211
0.9999815196787166 0.7471337259946579 9.272647641201062e-7 5.986896225901513e-7 -1.2384248042110335e-5 0.00527258397782277 1.1448713361345919e-6 3.9553913646118514e-7 1.1751084207952804e-7 -4.421405900842943e-7 -0.05597634897693402 -0.0042014624033815725 -4.5460520497941326e-8 -1.0098693852843957e-7 -0.028667555355433003 -0.03336853773372988
0.9999804312260787 0.74760596814339 9.345900838787329e-7 4.5193381198419845e-7 -1.2989559513359618e-5 0.004922989437775086 1.1892692933755463e-6 3.897667132628085e-7 1.4155465040287412e-7 -4.751711996405473e-7 -0.05425137062083904 -7.18771469170338e-5 -3.81227120426495e-8 -6.855321986167916e-8 -0.027193043501767607 -0.0298306659901948
0.9999792333052271 0.7480475556076086 9.635905989945066e-7 3.682417711466461e-7 -1.3591364847435027e-5 0.004594849434914754 1.2246271899995878e-6 3.6909538525085106e-7 1.5824433362629652e-7 -5.395689109570449e-7 -0.05216771116412979 0.0037818690605322244 2.8988011540993688e-8 -6.338393974731035e-8 -0.025564322664322063 -0.026812107349225307
0.9999780397210848 0.748460183580068 9.233163556902852e-7 2.8509182860212304e-7 -1.4164814645419941e-5 0.004287015498247195 1.2564158793239103e-6 3.297825729745976e-7 1.9105920781705343e-7 -5.558227630307318e-7 -0.04976952872626085 0.007320206743207495 5.414238002997668e-8 7.862287544830839e-9 -0.023859798633809964 -0.024291936213997112
0.9999769309402283 0.7488454135353942 8.977376646587907e-7 2.1127229566531e-7 -1.4699354381940101e-5 0.003998294923036536 1.2826693297227805e-6 3.1087426068769326e-7 2.215962776794968e-7 -6.125951113776116e-7 -0.047105538090919004 0.010511250272592788 6.164245283806148e-8 -1.603279605407135e-8 -0.022150257385869006 -0.02223978617252701
0.9999756486226807 0.7492056389206389 1.045124180544263e-6 7.586294795552827e-8 -1.5186760167934769e-5 0.0037276586506107246 1.3245355012075994e-6 2.880873285002572e-7 2.3668770280147498e-7 -5.80637897621372e-7 -0.04422741530345959 0.013331465327131807 1.2572464627507197e-7 -3.878242376165229e-9 -0.02049821590314765 -0.0206173000072672
0.9999742763023498 0.7495417637841418 1.1358969924021466e-6 -1.109573679784672e-7 -1.5834611053039457e-5 0.0034741849468553267 1.2565446306892365e-6 2.2543106105062924e-7 2.759932283043691e-7 -3.7391630692365014e-7 -0.04118817993235396 0.015765512675725138 1.793790526736788e-8 2.1058587371638547e-7 -0.018957056425091573 -0.01937978438336345
0.9999728443474009 0.7498556249548448 9.086537718302893e-7 -2.2013358361810819e-7 -1.645497310383285e-5 0.0032369365080169186 1.203650556670007e-6 2.0835230780605745e-7 2.8435327045862936e-7 -2.8010825516480906e-7 -0.03804120481466568 0.017806181373963177 -1.357849719226754e-7 4.4691285458277915e-7 -0.017570381148113372 -0.01847738335971303
0.9999714824784792 0.7501481106947859 5.455343951798916e-7 -2.155798919254729e-7 -1.7031440213053317e-5 0.0030148720841152573 1.1064767274896919e-6 1.8594692844164594e-7 2.825608121000061e-7 -2.5615712797146293e-7 -0.03483880312572122 0.01945429578932246 -3.0160545369208773e-7 6.192125943973485e-7 -0.016371769141104945 -0.017857373865298752
0.9999699824838427 0.7504208890145245 2.542027481815372e-7 -1.6076720433050834e-7 -1.7634288576152958e-5 0.0028071633390179727 1.0206911126065006e-6 1.543243004475425e-7 3.1519667174854807e-7 -3.256464085517143e-7 -0.03163137009712163 0.02071812797911003 -3.979338230226536e-7 6.129472849877584e-7 -0.01538527935559208 -0.017465557823044976
0.9999684860082759 0.7506750805686829 -9.231031296581498e-9 -1.295715559361222e-7 -1.8225706093465353e-5 0.0026129226054110166 9.569279513281452e-7 1.3621777191212383e-7 3.1034021152358196e-7 -3.146740676345496e-7 -0.02846606016909477 0.021612493884724398 -3.9771462831775137e-7 6.329230456006827e-7 -0.014625603321729736 -0.01724798974971309
0.999967040673455 0.7509118077535786 -2.9556288689731893e-7 8.889904557862006e-8 -1.879329326348992e-5 0.002431335352446548 8.743916107140584e-7 1.4211834257629716e-7 2.9707686549183224e-7 -3.221073067650196e-7 -0.02538602880965743 0.022158356905373704 -3.8593285072896686e-7 6.650907566017082e-7 -0.014098429542292451 -0.01715176230865692
0.9999657032901266 0.751131771169617 -8.211527017639626e-7 5.444756515728535e-7 -1.92857514595557e-5 0.0022614125906102703 8.346837561990139e-7 2.2640069857655458e-7 3.5228477535505873e-7 -2.804166643135127e-7 -0.022429408663949515 0.022381745829344084 -2.6116243702458793e-7 7.024074260809894e-7 -0.013801302919087377 -0.017126546915285663
0.9999645732938781 0.7513365378597546 -1.3051887751784962e-6 8.762736857297056e-7 -1.9751086701734294e-5 0.0021027577327501746 7.551004473565655e-7 2.4193785378023503e-7 5.976138886431896e-7 -6.780426350215284e-7 -0.019629750439705187 0.022313135978816335 2.2629624786110958e-7 2.1704433150090383e-8 -0.0137244871881903 -0.017125436372706748
0.9999633801820235 0.7515273564903221 -1.514154200916539e-6 1.166333441071779e-6 -2.0387061310300525e-5 0.0019547106251739848 6.233002759177802e-7 2.6916056931036913e-7 5.627622999379234e-7 -5.179454152733647e-7 -0.017014795078554724 0.0219859536614257 5.5414248352979324e-8 7.186134666928038e-8 -0.013851500431688198 -0.017106639324435916
0.9999618015431182 0.7517054359685629 -1.728714538840746e-6 1.5196880133237915e-6 -2.1157548419788824e-5 0.0018166391610131777 4.6231807853508357e-7 3.960779336020644e-7 5.030130010657482e-7 -7.033188628635332e-7 -0.014606275189530218 0.021436082041646577 -6.158594085643004e-9 4.486080301357945e-8 -0.014160646829303562 -0.017032945336738964
0.9999601167271666 0.7518708960842098 -1.9248080648791793e-6 1.8082817919516083e-6 -2.1782903687549907e-5 0.0016877843762098058 4.232209880165257e-7 5.140627423837565e-7 5.041831375645265e-7 -7.860936382982168e-7 -0.012419579330192334 0.02070060120873917 7.564784057368964e-8 1.0804335470500434e-7 -0.014624946955449478 -0.01687344737218413
0.9999583099549938 0.7520246574301214 -1.8891362039621648e-6 1.886266501932363e-6 -2.2409112586671768e-5 0.001567645576498245 3.8590620022314276e-7 5.247949317932221e-7 5.270502016626223e-7 -8.527634359400444e-7 -0.010465111445989066 0.019817571192014362 1.2149182075765366e-7 2.0430869322843502e-7 -0.015215261350472084 -0.016603276458743613
0.9999565669165297 0.7521676819270358 -1.6624959750311821e-6 1.6820281926856312e-6 -2.2980508056897686e-5 0.0014556979452774051 3.6006936249036366e-7 4.971437429241572e-7 5.324269883918839e-7 -9.488561580185499e-7 -0.008746907319957522 0.01882402744363322 1.9332875734543612e-7 2.2552011158425133e-7 -0.01590007548430522 -0.016203642180825175
0.999954918186406 0.7523006718264637 -1.4721632955311144e-6 1.287756049995569e-6 -2.3573051384178982e-5 0.0013514467151865511 3.5521626880313545e-7 4.5501401233556475e-7 5.092253646744451e-7 -1.0660510946201942e-6 -0.007263872551251099 0.01775594864403619 2.2572001223262913e-7 3.1132183438672755e-7 -0.016646640792861787 -0.015662096758676896
0.9999532858369137 0.7524241836600789 -1.3892663770930244e-6 1.026321082879568e-6 -2.413193783084518e-5 0.00125440721337136 3.320061966584535e-7 4.259123596756912e-7 4.6747743249166605e-7 -1.1570855184728463e-6 -0.006009980427821792 0.01664698421564724 3.268356878814405e-7 2.680878748102315e-7 -0.017422151931668666 -0.014971681206471467
0.9999516294843122 0.7525391332394562 -1.515675448887126e-6 8.797745331878501e-7 -2.4703515779482987e-5 0.0011641569245128564 2.961160532389307e-7 3.601559989442547e-7 5.445397300340873e-7 -1.261030796693203e-6 -0.004974723514213422 0.01552828067346812 5.114559726802376e-7 3.250132986153202e-8 -0.01819525509910539 -0.014130086082722601
0.9999500628311743 0.7526456730641949 -1.5981569726382516e-6 6.068372612338573e-7 -2.525114456361288e-5 0.001080142231624914 2.7232739895500804e-7 2.914788602412776e-7 5.725542952020965e-7 -1.2973689746402e-6 -0.004144285713976955 0.014428403051158 5.115413016124897e-7 -1.2036403857501972e-8 -0.018934107932375748 -0.013144833926273834
0.9999477741541846 0.7527448999007479 -1.6947399909971035e-6 9.103007776892674e-7 -2.5856075586814854e-5 0.001002068696108322 2.089600504348012e-7 3.139071651258925e-7 5.044986829452926e-7 -1.264020069049934e-6 -0.0035012994302702086 0.013372218615824459 6.85881431607608e-8 -1.0519880743721872e-7 -0.01961217941454789 -0.01202095438761186
0.9999459855288398 0.7528366716681345 -1.6376402000483797e-6 1.0465612274123379e-6 -2.6407313399021568e-5 0.0009294946528913529 1.484381773404862e-7 3.507096813372982e-7 5.345892951551399e-7 -1.269148766077336e-6 -0.003026155667011335 0.012380618797098912 7.358895461702366e-8 9.979748502682556e-8 -0.0202016317434378 -0.010780919672798032
0.9999442542896803 0.7529219145705999 -1.6547390036968967e-6 1.0870299413089786e-6 -2.691667707728605e-5 0.0008620823224079447 1.1322269987071058e-7 3.4534638866892154e-7 5.710711512772246e-7 -1.3482801479460504e-6 -0.002697246052058577 0.011471164619422627 6.38349973037136e-8 4.490407387324707e-8 -0.020683612239644086 -0.009436011828597388
0.9999427229062803 0.7530007039756997 -1.708554147666161e-6 1.270504866040828e-6 -2.746350081208222e-5 0.0007994481537628904 2.9749810118440872e-8 3.8844248178826093e-7 5.638143079941423e-7 -1.270846453202704e-6 -0.00249144267457726 0.010656388148239462 -1.5716607112055334e-7 -1.236055761783438e-7 -0.021039742713594486 -0.008001519524999423
0.9999411034709231 0.753073996694197 -1.7813182155238167e-6 1.2159627535006795e-6 -2.796360966382341e-5 0.0007413558488503374 -2.2556539497444394e-8 3.8920735758912806e-7 5.449923566356543e-7 -1.2178586340631987e-6 -0.0023857843353205224 0.00994519888817605 -1.382691013422029e-7 -1.9484155637690118e-7 -0.021256245783441916 -0.00650749691044247
0.9999394026361553 0.7531418908071954 -1.8151012123011246e-6 1.1096797120372557e-6 -2.8438686010188364e-5 0.0006874422445730858 -5.9320872628671484e-8 3.9889737960752207e-7 5.233107540049003e-7 -1.160350328835543e-6 -0.0023570054794543782 0.009342995782527685 -1.279395267804928e-7 -2.6129754049484894e-7 -0.02132379622839086 -0.0049737971004176545
0.9999372844905555 0.7532050254907853 -1.4690039376651172e-6 1.4633935909240313e-6 -2.890250172853739e-5 0.0006373964546645335 -8.948774306290168e-8 4.256126283089584e-7 5.055779166682051e-7 -1.0807719270971439e-6 -0.0023825547331264353 0.008851159055295633 -2.1356850519433713e-7 -2.1855295441628816e-7 -0.021237334227880007 -0.0034238295971237708
0.9999348848677787 0.753263302925723 -1.119729807806254e-6 1.8048743018882438e-6 -2.9299810459256606e-5 0.0005909147158877687 -8.388056100582776e-8 4.702491915635942e-7 3.6968001551773265e-7 -8.843835484707383e-7 -0.002440982060768296 0.008467922587854143 -1.416339136597602e-7 -4.290052233959569e-7 -0.020995140111571668 -0.0018812379077155553
0.9999331920243567 0.7533172581497718 -3.6180084312335993e-7 2.2515161687025284e-6 -2.959416367654706e-5 0.0005478705488759196 -4.368453700485877e-8 5.243668906679713e-7 1.6853794960860437e-7 -6.899627713761983e-7 -0.0025123848505711434 0.008188461508488776 -2.5109325938978145e-7 -3.8206892072374776e-7 -0.020599877238037332 -0.0003693188866650609
0.9999314214105289 0.7533674083412162 2.3840505844617026e-7 2.2876414243409475e-6 -2.988495189881272e-5 0.0005080141206892359 -1.6704923914560348e-8 5.551651350592723e-7 -4.687252395527284e-9 -5.560086313783755e-7 -0.0025789816119711384 0.008005068610641784 -2.810425079452497e-7 -3.29054666262919e-7 -0.020057861651713443 0.0010902132137988242
0.9999295228312337 0.7534139576713507 7.405743153276841e-7 2.217088996790576e-6 -3.0195104900829354e-5 0.0004711080417710785 1.3781673480354789e-8 5.86886943058405e-7 -1.5401698505606577e-7 -4.851134511527029e-7 -0.0026251265654379363 0.007907977676571958 -2.88150794280458e-7 -2.9262231213461805e-7 -0.01937837449084951 0.0024774722347009714
0.9999274280876087 0.7534570965885995 1.2202367472352975e-6 2.1781635794242516e-6 -3.0534421611033916e-5 0.00043693156136467295 5.029734142367791e-8 6.135751990254287e-7 -2.997695994754788e-7 -4.287377851574747e-7 -0.0026376560941667885 0.007885658698645902 -3.047230892197862e-7 -2.684874674876943e-7 -0.01857336681708118 0.003774702143874341
0.9999250233147523 0.7534973877720259 1.8202400299711394e-6 2.165824736243883e-6 -3.0892293836774684e-5 0.0004052947134910099 9.148705464309287e-8 6.41514889307039e-7 -4.375846446322254e-7 -3.76468944301735e-7 -0.002605947883155644 0.007925277260050146 -2.882311118049797e-7 -2.821890843763313e-7 -0.01765724569960024 0.004966544873938316
0.9999222477805938 0.7535350390189012 2.300146366083432e-6 2.0868760403370808e-6 -3.12630205444411e-5 0.0003760130568409299 1.3719480310311983e-7 6.659440941251224e-7 -5.822755733288191e-7 -3.1155216937508566e-7 -0.002522006296776561 0.008013134431874593 -3.0304848994508837e-7 -2.705166920040307e-7 -0.016646179103178737 0.006040429927062883
0.99991932186731 0.7535704948694322 2.779735664668658e-6 1.8484476772137466e-6 -3.1624773626905424e-5 0.00034890145661027545 1.8777043996509266e-7 6.933957060390496e-7 -6.776366817197631e-7 -2.7511001475012664e-7 -0.002380450174746556 0.008135106044921372 -2.96818809277899e-7 -2.9358326345237477e-7 -0.015557666187390483 0.006986591857353118
0.9999164645791065 0.7536036147203552 3.1126765617641066e-6 1.6038106163407853e-6 -3.1979869280435774e-5 0.0003238043889582052 2.410760222058984e-7 7.157282897175537e-7 -7.408065260735531e-7 -2.6281967829045873e-7 -0.0021784701776377847 0.008277046666342186 -3.0860460549656695e-7 -3.170717421099226e-7 -0.014410064115066852 0.007798256968223765
0.9999137666883053 0.753634489111756 3.37306996647766e-6 1.2903027885851809e-6 -3.233038716014472e-5 0.000300572673768918 2.936074641260259e-7 7.308940462020509e-7 -7.938341619419738e-7 -2.5780781710546145e-7 -0.001915702952678819 0.008425191102828137 -3.293893805502689e-7 -3.3993774000451396e-7 -0.013222100563047522 0.008471564911986449
0.9999110637382692 0.7536632860071968 3.6299391729858006e-6 1.1265625035274033e-6 -3.269207027832898e-5 0.00027907140740539527 3.51116920517685e-7 7.526120308636776e-7 -8.177637022883465e-7 -2.5695949346319833e-7 -0.0015940438058215803 0.008566523323994619 -3.211173567982048e-7 -3.6884084585093375e-7 -0.0120124001518262 0.009005519784910269
0.9999078422403134 0.7536903245063701 3.99947542661163e-6 7.221353398268545e-7 -3.312090518914459e-5 0.00025918765471026227 4.2489269073880697e-7 7.77707600398626e-7 -8.335049750267591e-7 -2.611939103928416e-7 -0.001217389952088249 0.008689028185379389 -3.490396739555141e-7 -3.647245034930119e-7 -0.01079905182280291 0.009401835131197318
0.9999047636402171 0.7537152361497081 4.326388921783517e-6 1.1989760335961982e-7 -3.348696895264421e-5 0.00024077136726542679 4.80569901592222e-7 7.793595755841904e-7 -8.509821527310246e-7 -2.843439821594618e-7 -0.0007912865871511181 0.008781925879154004 -3.6076276746239003e-7 -3.7190432912205784e-7 -0.009599190621742946 0.009664756691700601
0.9999011339540563 0.7537386505510439 4.6275481471318775e-6 -8.796294150059583e-7 -3.381090926466749e-5 0.00022372651715228795 5.409349791565245e-7 7.629057800340222e-7 -8.710334016791503e-7 -3.290639930270638e-7 -0.00032285753904968224 0.008835949849111556 -3.7903960532591936e-7 -3.782872189862428e-7 -0.00842871554256196 0.009800749544185503
0.9998976784630836 0.7537602420219687 4.789277964006343e-6 -1.719883544541842e-6 -3.4132771839397284e-5 0.00020792975489869077 6.134667105643504e-7 7.350051352119542e-7 -8.982979495317914e-7 -3.6140890072748604e-7 0.00017958306725441388 0.008843474460506958 -4.0050399296631805e-7 -3.8506476222558065e-7 -0.0073019516777624 0.009818432378893814
0.9998942880525615 0.7537800994679368 5.020298571825459e-6 -2.245590246984576e-6 -3.444052894420948e-5 0.00019328248099310442 6.87520572255409e-7 6.948569173335721e-7 -9.210296709665046e-7 -3.8071684661949383e-7 0.0007069096360074699 0.00879858354407036 -4.386922517780568e-7 -3.867096012705323e-7 -0.00623150770514528 0.009728023866535878
0.9998907478503162 0.7537986417056027 5.269398675255345e-6 -2.972684168488837e-6 -3.475421446746771e-5 0.00017971603890098764 7.676273528309837e-7 6.472379323635355e-7 -9.40449228567675e-7 -4.129034322634042e-7 0.0012495117368336427 0.008697161417745614 -4.693407768483771e-7 -3.852031320472648e-7 -0.005228016393744699 0.009540963152149813
0.9998871042293196 0.753816035886546 5.189972550207423e-6 -3.7233395528852734e-6 -3.5059214803689e-5 0.0001671235787612505 8.504852387196568e-7 5.957615740735639e-7 -9.624809672038054e-7 -4.362164014155109e-7 0.0017974271098090068 0.008536827400067113 -5.072825512816322e-7 -3.837762499304395e-7 -0.0043000564582683165 0.009269842062504266
0.9998834259736262 0.7538321791178888 4.504857006729371e-6 -4.4003920976657085e-6 -3.544615826755232e-5 0.0001555453031860661 1.0735844200864056e-6 3.820668754084999e-7 -1.0009298632942165e-6 -4.639924587043482e-7 0.002340812345001636 0.008316695598494305 -6.0311687544444e-7 -2.87353790758819e-7 -0.0034533616642064015 0.00892577206174395
0.9998797089761363 0.7538470832887582 4.1615563514738445e-6 -4.770299484075826e-6 -3.574962448177161e-5 0.00014470243493319555 1.0709634973563688e-6 3.3510564191592706e-7 -1.0223912057423989e-6 -4.976981579843763e-7 0.002869594867208832 0.008038244704945584 -6.657294328393483e-7 -3.054317353941288e-7 -0.002694337390487297 0.008526279210162531
0.9998757512824139 0.7538609500173131 3.8744909565896016e-6 -4.97933063754856e-6 -3.604943601342656e-5 0.0001346362710628896 1.0857661649618634e-6 2.901490477405696e-7 -1.053340402421247e-6 -5.247774237927986e-7 0.0033751380253718654 0.007703721925161802 -7.170161457484219e-7 -3.2907724479340527e-7 -0.0020243008196493303 0.008082957873172017
0.9998716901786009 0.7538736600832979 3.291919106143975e-6 -5.024574112457074e-6 -3.633932035304445e-5 0.00012527975727372594 1.1052151874483423e-6 2.338466513315276e-7 -1.0826306043719341e-6 -5.513832867517879e-7 0.0038490507844164677 0.0073169690377924285 -7.622547466228896e-7 -3.486143566638381e-7 -0.00144349059035538 0.007608871430141368
0.9998673112673903 0.7538855535143715 2.792726687960318e-6 -4.972970895065181e-6 -3.662259566120312e-5 0.00011657968290364993 1.1208430075353252e-6 1.729939336427459e-7 -1.1119368795324665e-6 -5.758457419735533e-7 0.004283862336392338 0.006883024248864123 -7.960287484568602e-7 -3.776236646655241e-7 -0.0009505123377504078 0.0071166692013995975
0.9998629976791564 0.7538967099692571 2.160951336898485e-6 -4.8306156485106185e-6 -3.6892254951583254e-5 0.00010848647973940271 1.1317866865712423e-6 1.111696528615557e-7 -1.1337854511726616e-6 -6.042755232584432e-7 0.004673168473840907 0.006407908478950175 -8.395145370699019e-7 -3.9744302080966915e-7 -0.0005422176602895723 0.006618112707580047
0.9998585034274816 0.7539071362278178 1.9101229526631404e-6 -4.763192893519269e-6 -3.715275430757008e-5 0.00010094754875577104 1.143534534451155e-6 4.14720592250804e-8 -1.155515874091203e-6 -6.257163542068747e-7 0.005011714209638889 0.00589843525949524 -8.865111877212423e-7 -4.128926944274973e-7 -0.0002141126606197309 0.006123946353078143
0.9998539282983967 0.7539168364018122 1.6641541802739714e-6 -4.655911801785246e-6 -3.7400733483626525e-5 9.391650785761046e-5 1.151708116573857e-6 -3.26716684876908e-8 -1.1741987324350058e-6 -6.47779914605625e-7 0.005295481115279818 0.00536197803787933 -9.345570368917768e-7 -4.228864574937156e-7 3.960021943660212e-5 0.005643769470230893
0.999849301593165 0.7539257225425414 1.5119934745161632e-6 -4.491381368081432e-6 -3.76447706256877e-5 8.735690224500845e-5 1.1565229063184445e-6 -1.098649276046123e-7 -1.1914360989264298e-6 -6.724060929256443e-7 0.0055216814395040335 0.004806291352959065 -9.79113486728759e-7 -4.346678694181543e-7 0.0002256951366679873 0.0051858530108617965
0.9998447906427649 0.7539339841138594 1.3448464508141799e-6 -4.4589656808601865e-6 -3.788206498237073e-5 8.123281859998683e-5 1.1568071862016854e-6 -1.9187182947117666e-7 -1.2089850127225327e-6 -6.95345223911837e-7 0.0056887962336994585 0.004239305069159361 -1.0179039000789701e-6 -4.527902138861176e-7 0.00035174411150756314 0.004757116722769739
0.9998404085944343 0.7539414896085265 1.1273809105572448e-6 -4.440342731531221e-6 -3.8109317943104174e-5 7.550659262584337e-5 1.151576048973036e-6 -2.7877308938568045e-7 -1.2263078714928545e-6 -7.163773775879843e-7 0.005796522138608272 0.0036688965990583104 -1.0557667558815005e-6 -4.7245137671676313e-7 0.0004258388568404268 0.004363040340839537
0.9998360574396017 0.7539484309265589 1.0128281396444908e-6 -4.537061630645397e-6 -3.832741175466928e-5 7.014738368882105e-5 1.140792783925212e-6 -3.668798127900321e-7 -1.2415023731633898e-6 -7.371688900505818e-7 0.005845719779087569 0.003102738382515542 -1.0895927570173398e-6 -4.954035397130236e-7 0.0004563658279480831 0.00400766081679241
0.999831577794014 0.7539547990246912 8.802560985719488e-7 -4.570477282168529e-6 -3.853189895959497e-5 6.512102615778406e-5 1.1198112133615213e-6 -4.599710920036499e-7 -1.2547688800408336e-6 -7.610740886356244e-7 0.005838319524533271 0.0025480535315565316 -1.1360911619638331e-6 -5.096641958259444e-7 0.00045182137415190313 0.0036936747743564107
0.9998278719230915 0.7539597762405063 7.830053784217285e-7 -4.595388390865998e-6 -3.87382471154784e-5 6.04098264961772e-5 1.0919761909074712e-6 -5.501570032577361e-7 -1.269680549501595e-6 -7.83909272162207e-7 0.005777270621550106 0.002011706400112896 -1.1711716618736293e-6 -5.369277760847324e-7 0.00042054215280451984 0.0034222872733080147
0.999824120607474 0.753964215765412 7.244759998069596e-7 -4.5533431331055926e-6 -3.893636055972492e-5 5.5985632863599505e-5 1.0558768955946125e-6 -6.397522520987538e-7 -1.282783263404793e-6 -8.026222279510612e-7 0.005666367598572216 0.0014997316094953598 -1.203213433683515e-6 -5.646442575750992e-7 0.00037059276663027396 0.0031936100474879454
0.9998201494178666 0.7539685437983652 7.278182986171168e-7 -4.453451117062423e-6 -3.913099102322708e-5 5.182764500753759e-5 1.0118312620829748e-6 -7.266219064888662e-7 -1.2962524386159245e-6 -8.153969062979977e-7 0.005510119132400541 0.0010175023405586013 -1.2265779536543116e-6 -5.935691066538293e-7 0.0003095620375200844 0.003006552889636404
0.9998160381202974 0.7539725111268696 9.082190812309271e-7 -4.353874920479806e-6 -3.931643680948714e-5 4.791185149964199e-5 9.603120550395822e-7 -8.129964820687799e-7 -1.3078214187773558e-6 -8.295783803274335e-7 0.005313625503236425 0.0005695102524373304 -1.2534453764568798e-6 -6.188468822688639e-7 0.00024437252091600073 0.0028589680419175588
0.9998119003588063 0.7539760291907522 1.0475327412119113e-6 -4.341091776365058e-6 -3.9494349209381706e-5 4.422022579080349e-5 9.008539693912368e-7 -8.9735601691587e-7 -1.319170884597803e-6 -8.42655135414383e-7 0.005082427387845477 0.00015941363557949392 -1.2799757987745442e-6 -6.421972712710256e-7 0.00018122920931593487 0.0027478403280815763
0.9998075609889769 0.753979130500298 1.1281358638783677e-6 -4.457664115701591e-6 -3.9663619547721234e-5 4.0732071923500686e-5 8.352700933574124e-7 -9.774903241839277e-7 -1.3292646161093406e-6 -8.552620278931688e-7 0.0048223558373695794 -0.000210035763075797 -1.306991888402477e-6 -6.627025978021738e-7 0.00012550313566617706 0.0026694603931524735
0.9998031581837233 0.7539816854073428 1.1323361185359884e-6 -4.5121391461538134e-6 -3.9826590563580766e-5 3.743354314072373e-5 7.654059214048657e-7 -1.0532447028101242e-6 -1.340042670118922e-6 -8.686172205524131e-7 0.004539390411692411 -0.0005369984147079654 -1.3366494414488556e-6 -6.845860120784281e-7 8.169290207071862e-5 0.0026195536196783557
0.9997989625391039 0.7539838121266054 9.62107786211599e-7 -4.434987195148405e-6 -3.998463971779259e-5 3.4308364347157056e-5 6.917180098350956e-7 -1.1238016963259187e-6 -1.3568238651792183e-6 -8.854030514997165e-7 0.00423953744168624 -0.0008205181242076019 -1.3676360758148253e-6 -7.087070148867674e-7 5.336392615538002e-5 0.0025934311371544694
0.9997949709854225 0.7539854299083838 7.326706402517079e-7 -4.3832411958691704e-6 -4.0138198534761765e-5 3.134392087323085e-5 6.104122162827546e-7 -1.1903352813663503e-6 -1.372305073858484e-6 -9.016799491891702e-7 0.003928656932227626 -0.0010604970529597075 -1.3962041968839471e-6 -7.331571833080101e-7 4.315149067676122e-5 0.0025861706876372913
0.9997913114744139 0.7539865884059557 5.923526898840577e-7 -4.469112382696968e-6 -4.027334972537887e-5 2.8519092963416065e-5 5.27782326668165e-7 -1.2538936028149665e-6 -1.3807391980045844e-6 -9.192455904594615e-7 0.0036123919158977105 -0.0012576282611968068 -1.4330977184371167e-6 -7.425524711058534e-7 5.276307383895467e-5 0.0025927614939820045
0.9997879323228397 0.7539878446334282 3.27166543577936e-7 -4.680895368379479e-6 -4.0451175495853394e-5 2.586158755272473e-5 4.1049338684720433e-7 -1.3000616664748688e-6 -1.4026129661544871e-6 -9.235854686103808e-7 0.003296025647843596 -0.0014133131235584998 -1.4508123789203063e-6 -7.495787877948191e-7 8.303275486972073e-5 0.0026082432515301857
0.9997845991608538 0.753988776481554 2.200630467032489e-7 -4.741320988529408e-6 -4.0614640292399824e-5 2.3334654989117736e-5 2.965165457034269e-7 -1.333730309464901e-6 -1.4229291362506876e-6 -9.304221966023309e-7 0.002984451631149027 -0.001529622820646969 -1.4676021115113503e-6 -7.689368994233737e-7 0.00013397810693611357 0.0026278280725851185
0.9997806052860128 0.7539896106676193 1.4926960909825516e-7 -4.822841516429657e-6 -4.078043356648775e-5 2.092835476022242e-5 1.841102653538699e-7 -1.3618284873122597e-6 -1.44162696578436e-6 -9.366625966038013e-7 0.002682050889554987 -0.0016091814728331536 -1.4903518069942753e-6 -7.842126365258276e-7 0.00020482626333143773 0.002647019544845763
0.9997770821262603 0.7539898446407313 -3.5165747379331216e-7 -4.870493500812571e-6 -4.09364926154501e-5 1.864128269444147e-5 2.3143499064542598e-8 -1.370102401800008e-6 -1.4640724200820565e-6 -9.445697215234006e-7 0.0023925804548199942 -0.001655008933713606 -1.5540453803824031e-6 -8.279062737202565e-7 0.0002941071593850763 0.0026618126726546234
0.999773889171366 0.7539900802360338 -7.124417647701784e-7 -4.919394071420127e-6 -4.1077310221309944e-5 1.644267810919408e-5 -1.3179837468738037e-7 -1.3486252770499248e-6 -1.4837275332242174e-6 -9.531258444185204e-7 0.0021194066980353508 -0.00167060775304339 -1.534003957027404e-6 -8.312051615557019e-7 0.00039982760094252833 0.002668500825785315
0.9997704892553716 0.7539904348487251 -9.665369932055707e-7 -4.8902914648757964e-6 -4.121340675299984e-5 1.4328643734525852e-5 -2.4609763058689366e-7 -1.3334201774761312e-6 -1.507350447226493e-6 -9.634478907669606e-7 0.0018650417642077166 -0.0016596802096889322 -1.533691844011052e-6 -8.523068169827224e-7 0.0005197261412004496 0.002663981576221052
0.9997672024869535 0.7539907137350086 -1.3046756205786271e-6 -4.651791178536363e-6 -4.134400796628476e-5 1.2300966436312656e-5 -3.591475284170147e-7 -1.3054275602364514e-6 -1.5310783658992055e-6 -9.71202279011247e-7 0.0016314645868647196 -0.0016260438874179648 -1.5359186550185225e-6 -8.75881374610443e-7 0.0006508294897335887 0.0026457497252876253
0.9997631915947054 0.753991609320955 -1.546202860451008e-6 -4.719725781496224e-6 -4.148850626958096e-5 1.036984322412484e-5 -4.691819020563491e-7 -1.271526495321769e-6 -1.547061672318041e-6 -9.837269908190193e-7 0.00142005419299561 -0.0015735999404610347 -1.5322935694381807e-6 -8.976829490245929e-7 0.0007900012964422575 0.002611910241872854
0.9997585427619555 0.7539926276313087 -1.8241247203168989e-6 -4.863986969411253e-6 -4.1641843137419816e-5 8.519112149557574e-6 -5.800727486164847e-7 -1.225805543826866e-6 -1.5582700220317572e-6 -9.952499964884825e-7 0.0012315863886520767 -0.0015062368956120739 -1.525232738926213e-6 -9.136771577289979e-7 0.0009340121137214515 0.00256113994790009
0.9997528119160807 0.7539929358239895 -1.823715648902528e-6 -5.448193355684753e-6 -4.1748605579245984e-5 6.740380430958025e-6 -6.95052769243094e-7 -1.1576187223872403e-6 -1.5715404777874458e-6 -1.0082017166196563e-6 0.001066438098356958 -0.0014278492738357368 -1.5119328319230474e-6 -9.324759228230336e-7 0.0010800041888622913 0.0024924120982858797
0.9997482421927186 0.7539941320411749 -2.6120737643505802e-6 -5.466310396469931e-6 -4.189027255939574e-5 5.0299784557372376e-6 -7.838178280414332e-7 -1.0923006711254321e-6 -1.5856396933377931e-6 -1.0143195242165688e-6 0.000923931314085995 -0.0013417446557749068 -1.519856952930391e-6 -9.384725514798948e-7 0.0012236850142440957 0.002406260495867289
0.9997441277429958 0.7539952565379382 -3.0895034761067174e-6 -5.340017280508041e-6 -4.201142666384276e-5 3.3943627208153174e-6 -8.673247917971396e-7 -1.0301525237398625e-6 -1.5961037409409844e-6 -1.0226298197579533e-6 0.000803611057746113 -0.0012514706038824343 -1.5255293233264698e-6 -9.503557162277114e-7 0.001362462337023747 0.0023029392028256707
0.9997400196390374 0.7539960762323358 -3.420899740073103e-6 -5.211382823678947e-6 -4.212599170567694e-5 1.8218990184919308e-6 -9.504369649820342e-7 -9.595218081031695e-7 -1.605877256400635e-6 -1.0313458717327316e-6 0.0007042411319236521 -0.0011600226253739596 -1.5307122357943297e-6 -9.641493156698943e-7 0.0014934706718699436 0.0021833172291996026
0.9997358928445907 0.75399682701887 -3.5943833252663303e-6 -5.140367035878188e-6 -4.2237126371153283e-5 3.0919482996792946e-7 -1.0299576725621223e-6 -8.80709151386116e-7 -1.6142358095892128e-6 -1.0403312349065235e-6 0.000624311907432532 -0.0010701015431903594 -1.5355693470403324e-6 -9.7842853347293e-7 0.0016140727942770814 0.002048762272670428
0.9997320829526757 0.7539973557752586 -3.8248143551188505e-6 -5.20124126609999e-6 -4.2344142702630935e-5 -1.1462896564033657e-6 -1.1036583325931951e-6 -7.948852576101352e-7 -1.6212073619530617e-6 -1.0493593865008249e-6 0.0005620431992746686 -0.000984036408601806 -1.540582498353729e-6 -9.920679178679176e-7 0.0017219629685535215 0.0019010186199786235
0.9997285775268234 0.7539974650527467 -4.21151528322757e-6 -5.355222765479608e-6 -4.2448526087673876e-5 -2.5486460245014153e-6 -1.170939325853341e-6 -7.026942173961994e-7 -1.6271093371180187e-6 -1.0581559973052893e-6 0.0005154457707896771 -0.0009037691934168947 -1.5464587888978294e-6 -1.005265119884682e-6 0.00181521051135117 0.0017421313911511497
0.9997250155307355 0.7539971924306111 -4.593991599998358e-6 -5.539254200573445e-6 -4.255004795590816e-5 -3.9009942819636765e-6 -1.231858167212332e-6 -6.054718602939285e-7 -1.631809112727643e-6 -1.067194064752779e-6 0.00048239233149218765 -0.0008308430341596503 -1.5517330816487213e-6 -1.0187749543720523e-6 0.0018922899231024986 0.0015743807653335754
0.9997212337374909 0.7539967484505589 -5.070856275824951e-6 -5.6849225803161175e-6 -4.264885172481802e-5 -5.204578679827009e-6 -1.2846562972790782e-6 -5.010387775500385e-7 -1.6351483160827146e-6 -1.0760756583781208e-6 0.00046068155024554466 -0.0007663973251675728 -1.5560702633911798e-6 -1.0316663654437424e-6 0.001952086731916313 0.0014002037963992773
0.9997173863592023 0.7539962709386238 -5.6449528769162795e-6 -5.818591499035356e-6 -4.274459171207252e-5 -6.459375568438712e-6 -1.3285330570449156e-6 -3.891235961308173e-7 -1.6370952154874074e-6 -1.0849959928240915e-6 0.00044809349982445986 -0.000711191045811165 -1.5615697073252432e-6 -1.0448277785124917e-6 0.0019939101344645794 0.0012221478992469035
0.9997131891602506 0.7539956085055829 -6.315446904788079e-6 -5.867431565046881e-6 -4.2842050886950734e-5 -7.671350112614354e-6 -1.3632346353680876e-6 -2.7293125152474113e-7 -1.6389779301835445e-6 -1.092692863214314e-6 0.0004424570283853063 -0.0006656251591131807 -1.56385546632993e-6 -1.0579597648611818e-6 0.002017496769862335 0.001042738142355015
0.9997091928034136 0.7539947275881647 -6.914190525868015e-6 -5.721930804473769e-6 -4.293841955565828e-5 -8.838335022691818e-6 -1.389692734449299e-6 -1.5567432857490804e-7 -1.6399476522014895e-6 -1.0998074627673418e-6 0.0004416978695263349 -0.0006297440019475543 -1.5666819608426665e-6 -1.0706660115719635e-6 0.002022985120417131 0.0008644877386514058
0.9997056354260961 0.753993695456579 -7.176379668911898e-6 -5.375938658341159e-6 -4.30308330098936e-5 -9.963633659308367e-6 -1.4069173117256618e-6 -3.5531655720225864e-8 -1.6423686839404034e-6 -1.1058231998133344e-6 0.0004438579914323929 -0.0006033146016222625 -1.5706861709199787e-6 -1.0833242525448387e-6 0.002010880943402586 0.0006897831105246604
0.9997009493055962 0.7539921170358809 -7.129261577556491e-6 -4.658322380411116e-6 -4.3105773940505475e-5 -1.1048561153594764e-5 -1.4170072652678877e-6 8.61580037312372e-8 -1.6455188043389184e-6 -1.1116887944451746e-6 0.00044715152231574747 -0.0005858292166783532 -1.5771166675077032e-6 -1.1028485429362524e-6 0.0019820159455134732 0.0005208294720229541
0.9996972099380482 0.7539914963838752 -7.271054297248006e-6 -4.207747386070624e-6 -4.319048592664931e-5 -1.2095250788425856e-5 -1.4080990706458083e-6 2.1340473960300554e-7 -1.6478729415907173e-6 -1.1170603320687532e-6 0.0004500173150184111 -0.0005765243873999261 -1.584772160839837e-6 -1.1148497945987287e-6 0.0019375571306880454 0.00035968941484748417
0.9996933317218824 0.753990991542719 -7.838856829916998e-6 -3.6757907936954293e-6 -4.327118609645025e-5 -1.3102962445956542e-5 -1.384996910277302e-6 3.440116146327952e-7 -1.6447803895466342e-6 -1.1183428858242175e-6 0.00045112101608735857 -0.0005744832435625473 -1.588363229084958e-6 -1.1202096503872458e-6 0.0018789488939886996 0.00020814244113118532
0.9996896239289886 0.7539904556493905 -8.278166285995974e-6 -3.0627056588114753e-6 -4.335302988129741e-5 -1.4074290362577955e-5 -1.3489775393425762e-6 4.7217309184182906e-7 -1.6408655601119124e-6 -1.1194449329796903e-6 0.0004493182584682982 -0.0005786421634081491 -1.5903546904911887e-6 -1.1262328717210245e-6 0.0018077843529570444 6.769298325333952e-5
0.9996860723176816 0.7539894052357463 -8.187573180013682e-6 -2.385501708671793e-6 -4.343450697322128e-5 -1.500913825604841e-5 -1.2997976511556604e-6 5.9514489627559e-7 -1.6381208929850095e-6 -1.119044691507796e-6 0.0004437435164066412 -0.0005878322038196142 -1.5925405245061137e-6 -1.131348281028934e-6 0.0017258490378753892 -6.042626898231867e-5
0.9996822415042015 0.7539881295421034 -7.067928203406944e-6 -1.262427078746417e-6 -4.35149581508888e-5 -1.590887550387555e-5 -1.2407045752769345e-6 7.128448902209085e-7 -1.6364472261348029e-6 -1.120419886290176e-6 0.0004337666085606298 -0.0006008256495337603 -1.597421933898554e-6 -1.1349463295624868e-6 0.0016350474596214068 -0.000175285531642641
0.9996785350161712 0.7539868138193554 -6.404219898479245e-6 -6.737424948255035e-7 -4.359493020661864e-5 -1.6774930976111125e-5 -1.1703830412872033e-6 8.238134382001298e-7 -1.6355650252141182e-6 -1.1209844461638438e-6 0.0004190121730159039 -0.0006163981027715564 -1.601082268757194e-6 -1.1393489991400889e-6 0.0015373394370057497 -0.00027627261016174815
0.9996749757376076 0.753985386794908 -5.865312272956444e-6 -3.5196706752190845e-7 -4.365650341114494e-5 -1.760636270890935e-5 -1.0971114503249437e-6 9.239492698163309e-7 -1.6350578485315782e-6 -1.1237743440488268e-6 0.0003993172434294828 -0.000633328789701645 -1.6029238913426522e-6 -1.1493652100095102e-6 0.0014347156674102957 -0.0003630644052082606
0.9996708414600947 0.753984149532493 -4.961370653887331e-6 -1.2908284927768106e-7 -4.3736770626812305e-5 -1.8399906169603334e-5 -1.0002948531145657e-6 1.0246584601239156e-6 -1.6293514863229394e-6 -1.1251603458163783e-6 0.00037471488980728466 -0.0006504707800995972 -1.602296927199658e-6 -1.1569625404241595e-6 0.0013290660817145156 -0.00043565603954101974
0.9996667156422634 0.7539828497553197 -4.723241201990672e-6 -2.5259547116051723e-8 -4.3807864797604976e-5 -1.916418192279764e-5 -8.947658227915575e-7 1.1152970865559392e-6 -1.624373420287206e-6 -1.1231846264814798e-6 0.0003454531338421419 -0.0006667516976824265 -1.6004172935718858e-6 -1.1613286960628078e-6 0.0012223186030255215 -0.0004942792031077036
0.9996623217439415 0.7539813760161725 -4.9220945677318485e-6 -1.4422103229572812e-7 -4.387781704205218e-5 -1.9898316726780543e-5 -7.825618568484231e-7 1.194854866935075e-6 -1.6194481504706573e-6 -1.1209269632401442e-6 0.00031192113761098977 -0.0006812150521351621 -1.600186419399398e-6 -1.1650439940634673e-6 0.0011162113466780938 -0.0005394493892644239
0.9996576369747857 0.7539798796498208 -4.9912774416645395e-6 1.6088695077347296e-7 -4.394741303503498e-5 -2.060435928461634e-5 -6.680435487835756e-7 1.2624926726179392e-6 -1.612922700746217e-6 -1.1188567820677981e-6 0.0002746402515135623 -0.0006930180502850119 -1.5997793144449515e-6 -1.169300234497632e-6 0.0010123048747090052 -0.0005718774195855259
0.9996527111852427 0.7539781423206475 -5.362249565625373e-6 7.969922325148088e-7 -4.4022380087216e-5 -2.1283705766950852e-5 -5.617946607073519e-7 1.318774976498393e-6 -1.6041005792982751e-6 -1.1173487489245122e-6 0.00023425629648933944 -0.0007014635056188834 -1.611131508338385e-6 -1.1754429709187472e-6 0.0009120191547966474 -0.0005924662868569913
0.9996480702796614 0.7539761374879067 -4.94368355080568e-6 1.6017711053178834e-6 -4.409288247584724e-5 -2.1935726367682354e-5 -4.3316816623510625e-7 1.3637116920616348e-6 -1.5975931266187034e-6 -1.1162013766547204e-6 0.00019149550212384323 -0.0007060086465841493 -1.6086824079040859e-6 -1.1788286844775135e-6 0.0008166951629247478 -0.000602297093839677
0.9996436475658151 0.7539740317174145 -4.352814684235125e-6 2.764437901929962e-6 -4.4159539044538276e-5 -2.2558269328622796e-5 -3.0117842327308204e-7 1.3959152934425512e-6 -1.6011801870690936e-6 -1.1102335651691587e-6 0.00014713558858397621 -0.000706261130608536 -1.6177020200461882e-6 -1.180376303007699e-6 0.0007273174406105367 -0.0006025643843761357
0.999638851304343 0.7539722278873296 -3.88126424365354e-6 3.963125745365398e-6 -4.422495582668655e-5 -2.3159469241608294e-5 -1.6778347429960541e-7 1.4155647087934057e-6 -1.6024679825885626e-6 -1.1046728198557078e-6 0.00010197578569897 -0.000701982294372305 -1.6242130306592594e-6 -1.1816542159644267e-6 0.0006447049073282033 -0.0005945382586994097
0.9996334315894272 0.7539702480919076 -2.8657349589725813e-6 4.5560273733324225e-6 -4.428488351177705e-5 -2.3735846911197214e-5 -3.729859091610522e-8 1.4230162960411808e-6 -1.6015099412569421e-6 -1.1054843147196874e-6 5.6819372698074875e-5 -0.0006930692010015178 -1.6290321523056617e-6 -1.1872595906508506e-6 0.0005694606140607928 -0.0005795296584742779
0.9996285263755235 0.7539680744957477 -1.8795644766157704e-6 4.821897536336807e-6 -4.434896803131336e-5 -2.4289144873721012e-5 9.954536918630352e-8 1.413471562743685e-6 -1.6026148763456448e-6 -1.1055433672522976e-6 1.2457380884921638e-5 -0.0006795890898079077 -1.6348975782417092e-6 -1.1912586813870137e-6 0.0005020171452153406 -0.0005589106272094658
0.999623601593133 0.7539658728890007 -1.0164936032825987e-6 4.957255519897214e-6 -4.441269759413935e-5 -2.481600451270918e-5 2.3334136261695547e-7 1.3907237963274147e-6 -1.6044474220237314e-6 -1.1061097146553373e-6 -3.037532715885321e-5 -0.0006617280384396643 -1.6418880079507927e-6 -1.2029681005931798e-6 0.0004425656932086498 -0.0005340227421170969
0.9996189960778186 0.7539632928418167 -1.796304338985131e-7 5.271137246724946e-6 -4.447237881960321e-5 -2.531973280001784e-5 3.619658828669702e-7 1.356181435301148e-6 -1.606933468835893e-6 -1.1066469510110532e-6 -7.100622884732654e-5 -0.0006397872822790514 -1.6479671568047745e-6 -1.208537696078778e-6 0.00039110253385718643 -0.0005061632578140084
0.9996146072604469 0.7539605380807032 4.955145613843328e-7 5.697712141333534e-6 -4.453052084094627e-5 -2.580070532804848e-5 4.85825503005853e-7 1.3075709635482582e-6 -1.6063682755314456e-6 -1.1066026628797412e-6 -0.00010885918368845499 -0.0006141702298164632 -1.649429224138663e-6 -1.210430201463435e-6 0.00034742268655903543 -0.00047656431253753954
0.9996102502045151 0.7539573710662278 1.2862422533561788e-6 6.215736148776445e-6 -4.4588362435532785e-5 -2.6260373395418212e-5 6.025247724828293e-7 1.2471961571831893e-6 -1.6055887626954594e-6 -1.1056746302055704e-6 -0.0001434294514506488 -0.0005853487613002675 -1.6490097658256572e-6 -1.209547301741979e-6 0.00031119192956931773 -0.00044635217407440464
0.9996056628796237 0.753953969736766 2.299314169714163e-6 6.885790048336008e-6 -4.4645035286046414e-5 -2.6699457220520745e-5 7.111357838584735e-7 1.1765215987651815e-6 -1.6057222230410383e-6 -1.1045009893599664e-6 -0.00017431504080418013 -0.0005538684088467135 -1.6499718040596985e-6 -1.209143127982533e-6 0.0002819255335699246 -0.00041655009425892197
0.999600823703748 0.7539507035621996 3.836220208278877e-6 7.79265820415543e-6 -4.470209989246786e-5 -2.712035224890895e-5 8.111659949849898e-7 1.097283834660871e-6 -1.6075278396539384e-6 -1.1024794907505192e-6 -0.00020121539654790983 -0.0005203184906903233 -1.6525960647437127e-6 -1.2077562580628876e-6 0.0002590245356240315 -0.00038806460396827495
0.999595924500985 0.7539475374287655 5.379946792712215e-6 9.070493091825812e-6 -4.476149638250831e-5 -2.7524013025909967e-5 9.052730863335715e-7 1.0050389638938841e-6 -1.607717886608604e-6 -1.1024879399626028e-6 -0.0002239383980191106 -0.00048533246046618666 -1.6530270262858568e-6 -1.2099156955665762e-6 0.00024180168256642128 -0.00036170252568782236
0.9995909546263152 0.7539446472963197 7.303180705956604e-6 1.0087027881278908e-5 -4.484284689530143e-5 -2.7921758187250253e-5 1.0211300423576635e-6 8.312057774116297e-7 -1.6113510338871608e-6 -1.1035489600013324e-6 -0.00024238617819526053 -0.0004497020626485792 -1.6454625123683955e-6 -1.2064001594303953e-6 0.00022947379794551758 -0.0003384016416074664
