0.9999999999996497 0.003804239985336289 2.97393377253476e-15 -2.224303403882876e-15 -1.2729821950618692e-13 0.7642387283828583 5.14781043649384e-15 2.624750465367778e-15 1.828276552170987e-15 -3.492643879608438e-15 0.7648286909493527 0.014880097581924299 2.4475685233103462e-15 1.2108279268084896e-14 0.008749078023775357 0.9993554008967512
1.0000000000093028 0.03303266007219309 4.1143030252919275e-15 -1.6523809122973165e-15 -3.287049614863295e-10 0.4348543417730502 2.722308955233476e-16 1.5711671443113059e-15 1.1324673147471225e-15 3.374050857441461e-16 0.44081777517327314 0.06283542833399053 5.561936950881723e-16 1.0657870290995256e-14 0.053566803134959255 0.9922213601729243
0.9999999991603148 0.08023590263609828 2.0140422710952093e-14 -6.561598303570796e-15 -1.0569609718630726e-9 0.24301499792924502 -5.956785994131925e-15 9.347975172262263e-15 3.2726093083874786e-15 2.7996052456427455e-15 0.2623074800528706 0.1072808495655405 3.763172807303372e-15 3.4108533205021928e-15 0.13675521639234517 0.9706793844864989
0.9999999987819862 0.12097435008183817 3.35449131734123e-14 -1.5032685458221115e-14 -1.1036251550819362e-9 0.1440015401606998 -5.3443631554708775e-15 8.275563187511624e-15 3.03272968718986e-15 8.86454731211219e-15 0.18359115562636907 0.13539623332869422 6.596222953086318e-15 -1.3886207482514312e-14 0.2416008389695684 0.9322674144795688
0.9999999986364135 0.14688684469439506 1.4846357293831247e-14 -2.0462181815585828e-14 -1.8471736098310538e-9 0.09071658459133415 -1.238462929259932e-14 4.49051855347471e-15 5.40823927913268e-15 1.0580788449902004e-14 0.15415140737386268 0.1492965105564943 1.587412553396146e-14 -3.293152596150806e-14 0.3495501246562738 0.880106489629052
0.999999997338682 0.16053675541822515 -1.825425679802159e-14 -5.156596206352861e-15 -4.170714550419307e-9 0.060394560459391074 -7.748908850305462e-14 -1.4146289977405216e-13 2.6699042601244398e-14 6.444460360267205e-14 0.14814753389230362 0.15280495378004377 6.227927698637691e-14 -2.7816092902223545e-14 0.45025923159536935 0.8184034165662677
0.9999999951227374 0.16647016590820887 -8.466074836780004e-14 2.5910412212891993e-14 -6.607357733590823e-9 0.04232283798769651 -3.8324974990529657e-16 -4.1366124256405937e-13 -5.071229847219649e-15 2.1771157642925336e-13 0.15306620273950616 0.1489692070954736 -8.151347620781712e-14 1.6394144632117833e-13 0.5401702462141924 0.7501111752054801
0.9999999924894541 0.16813679200803303 -1.9533462964926757e-13 1.2889834680731744e-13 -8.152002226972636e-9 0.031103537819754598 1.1697465072914438e-13 -3.154156887028436e-13 1.6535860670265392e-14 2.1192257545794185e-13 0.16268427448254036 0.13995317851703304 2.3915679161394936e-14 3.9802084870455786e-13 0.6188482881578208 0.6768720627652565
0.9999999886800593 0.1676514044197319 -3.5517957255189105e-14 -1.3762499340710933e-13 -9.293014153509945e-9 0.0238537748396757 1.0998384860129146e-13 -3.411624794735161e-13 -4.3410532770739534e-14 5.2394878435551143e-14 0.17382113829142049 0.1272423194164763 -2.9903995131073996e-13 2.1284400259300752e-13 0.6868183081231527 0.5995496564961966
0.9999999853183454 0.16619461424067308 1.7771091083601692e-13 -4.195576084715398e-13 -9.81095771231066e-9 0.018974600751460152 1.2220277922079753e-13 -4.924050183161152e-13 -6.410783211001259e-14 -2.6755482894098453e-14 0.18481456694966983 0.11184855720347471 -4.002581410484577e-13 -4.1096953474888644e-14 0.7446894163951597 0.518666364831199
0.9999999822075983 0.16438816070987253 2.5457376983898403e-13 -4.705925481885016e-13 -9.578239533942005e-9 0.015555103278439338 1.5007270406931626e-13 -5.211731424338802e-13 1.02670993698811e-13 -1.6217483500790815e-13 0.1947744534014222 0.09447180364990948 3.683155678069276e-13 -2.1160607596244587e-13 0.7929006446190184 0.43465560647381324
0.9999999799554067 0.16254130048532323 4.223118861886234e-10 -6.666939977306678e-10 -9.14011008510863e-9 0.013064161959022063 -3.347435380460019e-11 -9.66813974362561e-12 -2.5057412473067246e-11 2.6364254243571073e-10 0.20320881958869078 0.07561579287220634 6.179351074503646e-11 2.4584673295752115e-10 0.8317043273684064 0.3479814749534773
0.9999999782185722 0.1607957646687015 4.118346970336748e-10 -6.905262594174325e-10 -8.753394214901568e-9 0.011184672839797518 -6.302236663059791e-11 2.1663978873324766e-10 5.205970846830872e-12 4.25886844344528e-10 0.2098352348523556 0.055665863939761195 -9.455508549142595e-11 -1.4878316020203151e-9 0.8612198960502544 0.2591833138159343
0.9999999772997262 0.15920674859716036 3.772716871137261e-11 1.1321445826366274e-9 -8.194632864026005e-9 0.009722335791490655 -5.278973919961264e-11 3.309999108974464e-10 -7.209996247799023e-12 8.00614349873369e-10 0.21448618932679123 0.034938319501501024 -1.2549795122855995e-10 -4.293143984755953e-9 0.8814959419186017 0.16888222326999758
0.9999999769426017 0.15778666971973376 -1.6236711521856123e-10 2.7335067590441676e-9 -7.5931225183323e-9 0.008554647319136766 -2.2972528859026302e-10 3.3703277670135716e-10 -3.207593471446133e-11 9.72002761806823e-10 0.21706207270781216 0.013710193730069348 -1.5401762076447032e-10 -2.2760984582318e-9 0.8925612761429055 0.07777058793703427
0.999999976832264 0.1565282350441327 -2.1612552583415354e-10 3.56278336491928e-9 -7.038419369153538e-9 0.0076019744236273485 -4.0098009396352745e-10 -1.6095851881183054e-9 -6.934209998573334e-11 7.049628908051598e-10 0.2175080685125448 -0.007763762352083068 -2.8386786376777476e-10 -7.806230777940338e-10 0.894461895981036 -0.013404573641641267
0.9999999769394099 0.15541620817745677 -2.3056631658564628e-10 2.914866192143549e-9 -6.770273368376106e-9 0.0068108918975869365 -4.4973566546023917e-10 -2.7451992062107902e-9 -3.4359053160694517e-12 -4.0038153061328257e-10 0.2158028689978756 -0.029242045510756053 -3.5827875439420297e-10 -8.752415651379762e-10 0.8872858752373535 -0.10385928463068017
0.9999999769618353 0.15443322162647308 -7.370950888304351e-10 4.0953279193876386e-10 -6.5478058420998654e-9 0.006144403018255642 -3.069663928552204e-10 -2.152767942712292e-9 3.404160548783975e-11 -1.6902646631017594e-9 0.21195310850297236 -0.05049216331144936 -2.7758423607611036e-10 -1.5711597197802845e-9 0.8711792002473437 -0.19278925679030778
0.9999999770581159 0.15356244129708288 -1.5440477488212672e-9 -2.974477439761776e-9 -6.231315851876946e-9 0.005576098191085933 2.452406871180787e-10 -7.984228763977492e-10 2.7080972971814142e-11 -6.22154879761427e-10 0.20599046080404548 -0.07128920306755923 -2.2683367911115032e-10 3.904370897064966e-9 0.8463551595765408 -0.27938493162779654
0.9999999774067003 0.15278866866590332 -2.38290313057869e-9 -5.6442236089674246e-9 -6.759612035258778e-9 0.005086599217875427 4.4659625101310324e-10 -3.013270280440055e-10 2.4612194981873944e-12 1.1150145779861502e-9 0.19796990080645466 -0.09141597989453396 -2.5081201077131516e-10 7.316235056479131e-9 0.8130992120239002 -0.3628448372388863
0.999999977660574 0.15209864430632172 -1.8035643565180946e-9 -4.938758000686963e-9 -6.99505177994411e-9 0.004661339822502948 -1.9863673714469232e-10 -1.562130629885496e-9 -1.5848475990355295e-10 1.2739391815916464e-9 0.1879684091851692 -0.11066404581432362 -9.396558363720561e-11 4.08726108934382e-9 0.7717706691156323 -0.44238746876938795
0.999999977774327 0.15148099475248272 -5.57722186734816e-10 -3.2978069717473543e-9 -7.1982693928127294e-9 0.004289136307196458 -1.7402860863907303e-9 -3.6959289485352105e-9 -2.830738128030535e-10 -1.165730276648611e-9 0.17608377825650834 -0.12883511742835857 -4.3615414702347366e-10 -2.1760296595880584e-9 0.7228020787548773 -0.5172618691681906
0.9999999777010895 0.150926053569955 9.249451240198533e-10 -1.4860544999122482e-9 -7.3956444370980956e-9 0.00396124027050498 -2.070443516525333e-9 -3.975389247514118e-9 -2.3241807077968297e-10 -2.563548290269851e-9 0.16243337779559228 -0.1457426690128999 -3.966715988564534e-10 -9.158274384306134e-10 0.6666968769422336 -0.5867571515625533
0.9999999773637952 0.15042563097070175 -5.360134454845782e-10 -2.9044342187611906e-9 -7.506342819800925e-9 0.0036706984391624217 -1.9717998707413534e-9 -3.7341147446171965e-9 -2.7047953682630744e-10 -3.4000621383345727e-9 0.1471527954175671 -0.16121358486726806 -4.3369573835001e-10 -1.0277917466390816e-9 0.6040257101444951 -0.6502110381100747
0.9999999768912216 0.14997278286023008 -2.573382408433738e-9 -4.449120924026551e-9 -7.54516243267578e-9 0.0034119048027125144 -1.8652005541683413e-9 -3.873831973565491e-9 -2.669849913204337e-10 -2.184859301149291e-9 0.1303943507484914 -0.1750897420600983 -4.558428399048762e-10 2.7720862884660638e-9 0.5354216616655605 -0.7070175336985606
0.9999999762375187 0.14956162285730204 -5.74588397160482e-9 -6.530305884956923e-9 -7.707436825966676e-9 0.0031803003161561512 -1.2961367329856515e-9 -3.706740624583649e-9 -3.0462236345893876e-10 -2.5159931799114807e-9 0.11232545702317559 -0.18722949798495397 -3.8696621228687737e-10 3.523080128085522e-9 0.4615745963779233 -0.7566337437848236
0.9999999755107614 0.14918714369510164 -5.37723906383956e-9 -6.3436301783167176e-9 -7.781172114814145e-9 0.002972127254935258 -1.4534490026495652e-9 -4.098637913368131e-9 -2.6252220351029584e-10 -4.8152591501565864e-9 0.09312688043753563 -0.19750902298979273 -3.724009203502998e-10 1.4553417905156077e-9 0.3832247561807445 -0.7985858661944142
0.9999999747364582 0.1488450318160508 -2.8922503171630426e-9 -5.212945665189217e-9 -7.687158072691572e-9 0.002784273587531492 -1.788975179419289e-9 -4.519389336652916e-9 -1.3016772416033728e-10 -6.4754051816811144e-9 0.07299085177587669 -0.20582348692186958 -4.60520180985285e-10 3.963555178999468e-10 0.3011557357798007 -0.832474348459033
0.9999999735728328 0.14853160953993427 -2.950786248728108e-9 -5.229332438694647e-9 -7.392895145323221e-9 0.002614137755883981 -4.659980297452575e-10 -4.4280257351232964e-9 3.338445533300439e-11 -7.124220839585341e-9 0.05211909801988118 -0.2120880532225869 -6.744928488989091e-10 1.6013238334117432e-9 0.2161869628467294 -0.8579781958934901
0.9999999722070793 0.14824374233273677 -3.567683661031367e-9 -5.296577855126408e-9 -7.095035780801118e-9 0.002459514710289887 -1.2052450423565412e-9 -4.66337614732165e-9 -3.2574210175238353e-12 -6.230338741898736e-9 0.030720777047731733 -0.21623868453345718 -8.761066983257943e-10 3.310224804806514e-9 0.1291657011291945 -0.8748584430029589
0.9999999706046308 0.1479786497017826 -3.584110556773646e-9 -5.083828227397239e-9 -6.745822591582047e-9 0.002318543143147529 -1.7315669080556554e-9 -4.810736814404553e-9 2.1651106983295059e-10 -6.776608562650085e-9 0.009010345576137663 -0.21823274563216571 -1.020193352872126e-9 -1.12654590083118e-9 0.040958739890540885 -0.8829607385672649
0.9999999687173338 0.14773394019298475 -2.3720455391825953e-9 -5.000450346285735e-9 -6.303227392928555e-9 0.002189643556503297 -2.1482472974906122e-9 -4.992862842098842e-9 2.862075009280182e-10 -7.003508359205095e-9 -0.012794598378334077 -0.21804939149813324 -1.0326494032039852e-9 -8.959212458654013e-11 -0.04755605060941791 -0.8822170260560975
0.9999999665961081 0.1475075726037729 -2.8282573855462214e-9 -4.5840887606961774e-9 -5.739609407256897e-9 0.0020714506765137078 -3.5739693032812162e-9 -5.184784772389063e-9 3.322300342351412e-10 -6.252140486454978e-9 -0.034475522497579375 -0.21568974592431073 -1.210197979252699e-9 2.6599270068448147e-9 -0.13549840067680077 -0.8726463561178712
0.9999999642485912 0.1472977153922831 -5.62765865127964e-9 -4.0291750549308886e-9 -5.03017564470519e-9 0.001962794168958631 -5.725819613139018e-9 -4.98674724559404e-9 2.9989614676439854e-10 -5.615733525853493e-9 -0.055815171038536934 -0.21117686114201978 -9.69037961192953e-10 -1.6730708609947126e-9 -0.22199435631281186 -0.8543547934542186
0.9999999617147879 0.14710276075180162 -7.459508357166069e-9 -3.3099719131718877e-9 -4.327268071276918e-9 0.0018626644338550769 -4.586702808260934e-9 -5.64197748952988e-9 3.618968289508195e-10 -5.82970673844893e-9 -0.07659973267048387 -0.20455546004191194 -1.1234701477962811e-9 -4.250159604051626e-9 -0.30618486550560364 -0.8275344421254187
0.9999999590321134 0.1469213059820368 -6.244502475484422e-9 -3.922793774539697e-9 -3.740972138243875e-9 0.0017701735811238304 -2.3262068664190465e-9 -6.73445327938948e-9 4.311386240180269e-10 -5.741259316738658e-9 -0.09662099418447184 -0.19589146765954493 -5.904037609911848e-10 -2.6843419047602268e-9 -0.38723430140517423 -0.792461597634955
0.9999999562062092 0.14675212147509215 -6.500294006150397e-9 -3.7793915445830094e-9 -3.284066843046783e-9 0.0016845559782528035 -1.6054494950661922e-9 -7.2269504556874746e-9 3.3237043454442463e-10 -4.869085959583358e-9 -0.11567842637460489 -0.18527133158820727 -5.667881732319591e-10 -1.3141162293971545e-9 -0.4643387432650487 -0.7494940407188387
0.9999999531909085 0.14659410258856925 -4.896368733988243e-9 -4.788962685301662e-9 -3.004552793066687e-9 0.0016051418581146334 -3.3039383184505754e-9 -6.127661274344749e-9 2.230042575254985e-10 -4.198061538279522e-9 -0.13358120279313687 -0.17280113188487517 -7.116673078217221e-10 2.0668536727412507e-9 -0.5367339377545457 -0.6990675165035014
0.9999999495054834 0.14644625846245496 -2.9266908141482132e-9 -6.706992409164378e-9 -1.8527312353115765e-9 0.0015313272319972431 -5.396675798152973e-9 -4.005439886784199e-9 1.535686531263024e-10 -3.912652138567714e-9 -0.15015009834425755 -0.15860551034628548 -5.241594131946268e-10 2.9557034398760235e-9 -0.6037028674975241 -0.641691426482358
0.9999999461551953 0.14630769803748156 -4.810401414990177e-9 -5.074095411425065e-9 -1.0359991007271528e-9 0.0014625984740520403 -6.45712587906381e-9 -2.4718028498342323e-9 -1.0461046750920022e-10 -2.5373949332531565e-9 -0.16521928070744057 -0.14282640968408278 -3.5086554600776107e-10 3.421062364139e-9 -0.6645828461508085 -0.5779437947179045
