0.9999999999117941 0.0022945726324385507 2.1296236738018227e-14 -1.0996739897087696e-15 -2.767978529024633e-11 0.8550867508563794 -2.03289881527905e-15 4.843331847560558e-16 2.679072994822514e-16 3.3448262311398206e-15 0.855454583908611 0.009256464522250995 -3.087449595622821e-16 1.8687284377605514e-14 0.00524193811540764 0.9996126671031214
0.9999999999600057 0.02170959079359078 2.846735932288833e-14 -1.0503635839154496e-16 -3.4216603251477316e-10 0.6154389360760698 2.3901233603000508e-15 3.7787360504501014e-16 1.0226580782995205e-15 2.0409448858660994e-15 0.6195752696359603 0.044638124951493705 -4.256431069860964e-15 3.43181062998475e-14 0.03325575275954881 0.9951443118514514
1.000000000249727 0.05929159687813194 1.5990572770864682e-14 4.476086629418482e-15 -2.846355000677959e-11 0.4381943573947574 4.606723979218545e-15 -1.345338982242617e-15 8.910529573006984e-16 -1.5914198027828778e-15 0.4527046344862217 0.08656963953570432 -8.222441208824235e-15 9.43649896885786e-15 0.08747153856912117 0.9810802079051509
1.0000000056173577 0.10201822615108147 2.3197248213828913e-14 8.419957029871537e-15 -1.2685853443319238e-8 0.3232248947565399 2.421717070263201e-15 8.823492134954646e-15 -7.770566343033045e-16 1.961488042434389e-15 0.3553314156559587 0.12161970929677245 -1.3733749781621341e-14 -4.526171052228924e-15 0.16060435555865488 0.954230397817906
1.0000000195187775 0.1412406443354615 3.455871198439379e-14 1.3704009644847258e-14 -3.104585906183226e-8 0.24729014308877853 4.989271468922848e-15 8.42030968090798e-15 -8.199674137979018e-15 4.146086492458093e-15 0.30278953566036576 0.1466749069934233 -2.2723799775861703e-14 1.7332006027919329e-15 0.24271238491498803 0.9144819522448119
1.0000000419648036 0.1742051573730617 4.449586464845186e-14 2.0778178762381745e-14 -4.073500000782545e-8 0.19497705194503512 -1.6652032449970415e-16 3.165926207873434e-15 -1.4258454395293127e-14 5.1148842251133996e-15 0.2775211331352586 0.16194709677432545 -3.457384433667863e-14 -5.112940320093604e-15 0.32589489826782747 0.8634461498697262
1.0000000758470682 0.2009898219259552 7.767034996996996e-14 1.1687194655451514e-14 -5.857266548270317e-8 0.15753268410111404 2.7808978052534597e-15 7.15054115909146e-15 -1.7160269083911893e-14 9.823284449324099e-15 0.26876343080267434 0.1684491215635472 -3.7114580747432696e-14 -1.801817153965167e-14 0.40515206743145177 0.8031897426209191
1.0000001009550565 0.2225565169592184 8.859624848265963e-14 1.6754165677444737e-14 -8.812590603692895e-8 0.12988931310120988 5.083965855089652e-15 -1.5834807994933736e-14 -2.300754361432342e-14 2.1479104565521128e-14 0.26984270534946364 0.1673286239777298 -5.218008728180176e-14 -2.935535284478981e-14 0.4776501507492342 0.7356652529201282
1.0000001134589678 0.23996334845623185 1.025412305764302e-13 2.017389557192248e-14 -1.2917335265547845e-7 0.10896353117725265 7.10550022497981e-15 -2.3519294799104877e-14 -2.6697274117661533e-14 -4.726708928489593e-15 0.2764714258936823 0.1596943265160259 -6.625911979238012e-14 -2.481759494460238e-14 0.5418953536314884 0.6625594432375305
1.000000114044926 0.25412216861271136 9.230295207579427e-11 1.250747605001912e-10 -1.7189968302528035e-7 0.09278821816284445 1.8947320759889672e-10 -4.397166214303974e-12 1.0204742742978024e-10 1.4361282277992418e-9 0.2858056986031371 0.14657041266797308 -4.3122616660281e-10 -1.9005911406789586e-9 0.5971694964312543 0.5853001683983481
1.0000001081438172 0.2657576564662275 2.0104685860243378e-10 -6.066380514402084e-11 -2.076699454895605e-7 0.08005835886946235 8.607435852843972e-10 -1.2081227999514859e-9 5.771385177898799e-11 3.5018069288659272e-9 0.29591432453464683 0.12888847532702147 -6.3411596769582e-10 -4.819786072703224e-9 0.643195436484655 0.5051048488590408
1.000000102106021 0.2754278419223731 5.940579050087198e-10 -1.2084296612760432e-9 -2.3229039001678783e-7 0.06988081164694551 1.3634204380597095e-9 -2.179085791488765e-9 -1.371568107330043e-10 2.7173454789262605e-9 0.3054664909306076 0.10749193473536026 -6.190061984612814e-10 -1.6218743581738164e-8 0.6799486753195934 0.42303035336965733
1.0000000937178048 0.2835577416079592 1.0126557313567631e-10 1.3613673464857114e-9 -2.54901723664577e-7 0.06162854170874441 2.595480865551388e-9 -5.222909305385778e-9 3.6774292028684896e-10 -2.3877606332955944e-10 0.31354014486045034 0.08314460204396103 -1.1668867497675179e-9 -2.4564295625732523e-8 0.7075537161332376 0.34001319980989014
1.0000000805362361 0.2904707289060085 -1.3570373322555257e-9 9.077249976744314e-9 -2.753333362565221e-7 0.054851854257687745 1.9950418193195633e-9 -5.767770256493769e-10 7.213728746338325e-10 3.5061350364363218e-9 0.31950016738991915 0.05654004850480537 -1.3003524888411252e-9 -3.441786028407882e-8 0.7262280136214462 0.25689872564817745
1.0000000635488242 0.2964135945838397 -2.659822917307626e-9 2.406743363272049e-8 -2.916444414316228e-7 0.04922233569510988 1.2415870599419944e-9 4.723739280150256e-9 6.806102578102809e-10 8.825298776867895e-9 0.3229187119132946 0.028310184365902116 -1.6720640679410278e-9 -3.569109953664909e-8 0.7362519728643308 0.17446155874781144
1.0000000442039028 0.30157583261377247 -1.6950488683990734e-9 3.206973168364625e-8 -3.0582517752181905e-7 0.04449612521697429 -6.841483592159513e-11 1.0711103782519845e-8 7.008427397360943e-11 1.3051539915060086e-8 0.32352182235083365 -0.0009675438594941659 3.651591265994828e-10 -2.641313996249066e-8 0.7379533276877097 0.09341907367679776
1.0000000228053019 0.3061040493808069 -1.2937638250874207e-9 3.6447785473033746e-8 -3.213511150312668e-7 0.04048956593013862 -7.872158365234417e-10 1.356880320068265e-8 -4.474164184428574e-10 1.369665621011648e-8 0.3211527390997732 -0.030764134679030046 1.7354088568207927e-9 -2.6632295030031587e-8 0.7316992971709007 0.01443941805988753
0.9999999949191987 0.31011243544792017 -2.0644662146667502e-9 3.8110036966433504e-8 -3.353852297818738e-7 0.03706265140183499 -2.1679359789035272e-10 1.402734025817666e-8 -1.605804487700208e-9 1.7151876167651647e-8 0.31574620403875386 -0.06059437689519892 2.789846536236393e-9 -2.9780313311621922e-8 0.7178926281622446 -0.061853963441717806
0.9999999622908348 0.3136906547542126 -3.071585223355849e-9 3.427478887578488e-8 -3.498156206795481e-7 0.03410732003988604 2.5119483977588506e-9 2.0620123264025114e-8 -2.8241578831927504e-9 2.8714176326500094e-8 0.30731004580235055 -0.090013490064058 3.070723470969199e-9 -1.6939055392787933e-8 0.6969693939946175 -0.13488055778390096
0.9999999261323864 0.3169097320018386 -4.416708844493657e-9 2.874349709433858e-8 -3.662519957436099e-7 0.03153926919610112 5.484628828783394e-9 2.7167632128997543e-8 -4.222407109021543e-9 3.8666930992497603e-8 0.29591159831971614 -0.11861464796390161 3.2124319629567284e-9 -1.3248738851103729e-8 0.669397496068944 -0.20410273766182202
0.9999998874687072 0.31982640534107265 6.772995487883851e-10 3.494207663243907e-8 -3.868106005546196e-7 0.02929205984834932 9.367229245572754e-9 3.0872280668811984e-8 -7.069250551177506e-9 4.482289489552705e-8 0.2816673937226709 -0.14602735562854802 4.179320660088607e-9 -2.1004512231947927e-8 0.635675064155156 -0.2690269121177567
0.9999998407281676 0.32248639828538883 1.4673314668023455e-8 5.4293533397202855e-8 -4.073820675932416e-7 0.0273127950762571 9.584765229645428e-9 3.151092201881643e-8 -7.781622223219504e-9 5.284357074999958e-8 0.264735091841968 -0.17191637122189737 3.87465449578652e-9 -1.0203467362312254e-8 0.596328612597379 -0.3292051764230528
0.9999997866426587 0.32492679994067997 1.9691730626954016e-8 5.82976625001027e-8 -4.2828415146237384e-7 0.025559016238147048 9.025871200505417e-9 3.154002034852732e-8 -8.557561773885978e-9 5.264643791976607e-8 0.2453069131395217 -0.19598109291716323 4.3019370420664496e-9 -4.507986955496309e-9 0.5519106961790832 -0.384237403789797
0.9999997264723384 0.3271779170391562 2.5834474355961358e-8 6.183187045751872e-8 -4.4749616080647124e-7 0.023996328819615644 3.913815442447617e-9 2.346696641450576e-8 -1.0581570746473173e-8 4.884819509709934e-8 0.2236040842606234 -0.21795525532088847 4.539040382164572e-9 7.42717561223647e-9 0.502997088426413 -0.4337733627178809
0.9999996660590943 0.32926467401033466 3.240740541475316e-8 6.299842253877725e-8 -4.728394866127129e-7 0.022596729414049586 4.206421839704021e-9 2.3047099378180917e-8 -1.100803503615755e-8 4.55152810628298e-8 0.19987204616838145 -0.23760677428976854 4.65201579894444e-9 1.4296839101324785e-8 0.45018342369326425 -0.4775148025844934
0.9999996015030272 0.3312077329944789 3.1799434500772435e-8 6.187741050379117e-8 -4.925017853848974e-7 0.02133714025533857 1.689308500022116e-8 2.740473144816634e-8 -1.0613156414763398e-8 3.905182360403717e-8 0.1743760911791497 -0.25473772294091157 7.114424717513501e-9 1.884077804196558e-8 0.3940814114626412 -0.5152172546680212
0.9999995359042977 0.3330243545164853 1.52604431259225e-8 5.398868175027071e-8 -5.123216935047998e-7 0.020198484718045775 3.230912481532632e-8 2.9086592918640606e-8 -9.517035012358242e-9 3.2064797556369324e-8 0.14739732303121433 -0.2691843161113151 1.2779653621594287e-8 1.2774354356278566e-8 0.33531464968810765 -0.5466915429556226
0.999999465909279 0.33472907179097494 3.942482254733293e-9 4.887591553493133e-8 -5.342686571679212e-7 0.019164880958350377 3.807386509281987e-8 2.721316861613452e-8 -8.626923279089464e-9 2.813498449033881e-8 0.11922888491404153 -0.2808168245743964 1.7973374341251937e-8 7.686018737023383e-9 0.2745141191421593 -0.5718048387552471
0.999999390161097 0.33633414273975065 -6.309754135751348e-9 4.605234884539104e-8 -5.634619602426557e-7 0.01822306769679655 3.7471239904579e-8 2.5241972233692982e-8 -8.007424554498146e-9 1.950001320745325e-8 0.0901723469417288 -0.2895393814352497 2.008738990670001e-8 4.879114716862835e-9 0.21231345292526652 -0.5904812938295669
0.9999993067423069 0.337850021194637 1.226403433885735e-8 4.86683592492818e-8 -5.88075728199727e-7 0.017361744296924265 2.225804116860635e-8 2.2428673339270663e-8 -7.893630683280695e-9 1.6160787800508144e-8 0.06053429417794072 -0.2952896559706296 2.4014435492148647e-8 1.218867360605434e-9 0.14934418806594446 -0.6027021230844609
0.9999992195660599 0.3392856504364547 2.4939111327553376e-8 4.878848154495233e-8 -6.230490112162517e-7 0.01657139534617234 1.5302685867012172e-8 1.6941686355108915e-8 -2.949213602006243e-9 1.010710354922345e-10 0.030622940546924066 -0.29803835094805126 2.3767670182758772e-8 -8.695688180164671e-9 0.08623074753034306 -0.6085052459180684
0.9999991322949056 0.3406488016376258 1.7396145711236723e-8 4.953856505424681e-8 -6.575105314894252e-7 0.01584384305756953 1.1567077868772566e-8 1.512549515992792e-8 -1.0667502113433878e-9 4.6858355945867e-10 0.0007449324246992608 -0.2977885272973057 2.7232744908316457e-8 -7.204510512263775e-9 0.023585394656930544 -0.6079844349575562
0.9999990446225527 0.3419461564235115 9.237945447705469e-9 4.620608587480385e-8 -6.901369403463218e-7 0.015172141603741413 1.4666927278669841e-8 1.0513390827942383e-8 -1.576511569033711e-9 9.006985176589933e-9 -0.028797746860622 -0.29457468865037384 3.07215258228926e-8 -1.4246872452328757e-8 -0.03799648859265437 -0.6012879137652611
0.9999989532875672 0.3431835527805167 5.208695994956192e-9 4.229317474622746e-8 -7.21089936962563e-7 0.014550276136443092 1.4141628622155704e-8 9.814565243356552e-9 1.8206917301762e-10 2.8065198723518663e-8 -0.05771074680504926 -0.2884616789425439 3.1925054157137225e-8 -1.536328707645914e-8 -0.09794124025164787 -0.5886164645983757
0.999998857560199 0.34436610500767006 3.004711158191328e-9 3.7038459009361416e-8 -7.526621052721322e-7 0.013973025028275127 1.5319635535511458e-8 5.991898227938941e-9 1.2036789120632056e-9 3.5129430794284594e-8 -0.08571013203113134 -0.27954336143421155 2.733823688207052e-8 -1.6181888362728237e-8 -0.1557016104622853 -0.5702210943171506
0.9999987597891281 0.34549828912334946 -1.043973276701113e-9 3.24461917195889e-8 -7.878990028542266e-7 0.01343590417914342 1.5400140492726365e-8 1.9260307031848687e-9 4.631314532207504e-9 3.341981929461677e-8 -0.11252508386545512 -0.26794106682899715 2.125443421375689e-8 -2.64057402614484e-8 -0.21076105297933587 -0.5464002110083676
0.9999986652806004 0.34658405930195957 -4.093007643648231e-9 2.173732258921972e-8 -8.20654145627741e-7 0.01293500611634819 1.9245197694117508e-8 -3.722820797006442e-9 6.052594623759821e-9 4.7173525940944966e-8 -0.13790037470979452 -0.2538018442098987 1.743910279328567e-8 -2.583252222715661e-8 -0.2626378306218347 -0.5174964240327632
0.9999985640026785 0.3476269445075101 -2.378460613165044e-10 7.769972369871429e-9 -8.525190306369502e-7 0.012466884603371801 1.8137484544784028e-8 -5.55372099097919e-9 6.38915804738248e-9 6.65420583302958e-8 -0.16159861895347405 -0.23729659104598227 1.3637507038282401e-8 -7.590319531990085e-9 -0.3108887434546214 -0.4838929288066901
0.9999984722339607 0.3486300563537733 8.09632183446773e-9 -1.0335448734270737e-8 -8.850140725819474e-7 0.012028524331997208 2.2089368804352696e-8 -4.642370001258441e-9 9.814104702830354e-9 8.207552764862573e-8 -0.18340235811080163 -0.21861785774595077 9.462551034786067e-9 -7.3625323986395536e-9 -0.355112582280143 -0.44600956045281825
0.9999983801250724 0.3495962317324782 2.6403040532064855e-9 -1.7918666593405686e-8 -9.124961906544793e-7 0.011617200116446048 2.2605193723082912e-8 -6.387961686122924e-9 1.0174231946533747e-8 7.613774434820486e-8 -0.2031159310380245 -0.19797764688286956 8.399265631863752e-9 -4.463294016328475e-8 -0.39495311670454003 -0.40429848341945557
0.9999982908105741 0.35052797539285185 -3.905350429780706e-9 -2.4564122903063363e-8 -9.459212077391561e-7 0.011230567914677733 3.756472070677261e-8 -2.6271361673360442e-8 1.210916782289216e-8 5.815224342883222e-8 -0.22056705228020507 -0.17560499246216604 5.5201841808200746e-9 -1.1929323416896818e-7 -0.43010166714393006 -0.3592397324982178
0.9999981973846783 0.3514275693805739 -7.822247988168606e-9 -2.757135530999476e-8 -9.73729409563266e-7 0.010866476802384594 3.556421309253605e-8 -3.434247634883418e-8 8.941688955715356e-9 5.669418863085844e-8 -0.23560823082100285 -0.15174344251739907 7.173364129849234e-9 -1.6792851527973486e-7 -0.4602991872056005 -0.31133641981908544
0.9999981110938606 0.35229700928976954 1.222411283409707e-11 -3.0525955778854194e-8 -9.990339771020484e-7 0.010523094737545223 4.202336545779488e-8 -5.229031459983907e-8 1.5041088690235555e-8 6.023035051637731e-8 -0.2481178372923846 -0.12664845706689276 1.0600229877526166e-10 -1.6893094110909458e-7 -0.4853380067415308 -0.2611098495955335
0.9999980268272691 0.35313819879349895 8.420843708566993e-9 -3.622018397656212e-8 -1.0229224297177932e-6 0.010198751205814814 4.629939362265614e-8 -6.781401523702313e-8 1.7609430747145823e-8 8.401518464417396e-8 -0.25800097923174103 -0.1005846036840887 -7.637541266871127e-10 -1.5586665514364363e-7 -0.5050629478559001 -0.20909448382206566
0.9999979397485087 0.3539528707543133 1.8630758713494887e-8 -5.150076431229301e-8 -1.043410522363311e-6 0.009891927727709363 5.2489822047048384e-8 -8.855854137102569e-8 1.907171137994031e-8 9.44765707561399e-8 -0.2651900945639254 -0.07382291041325252 -3.912450396406254e-9 -1.7131450200411691e-7 -0.5193720315550064 -0.1558327107299396
0.999997853329849 0.3547425097155295 2.874788457917879e-8 -6.376214765985541e-8 -1.0618273750686059e-6 0.009601278185444595 5.102958594387032e-8 -9.653738589043262e-8 1.3420165491203374e-8 1.0845719270937541e-7 -0.2696452132246775 -0.046638077391964 -4.860421244907327e-9 -2.0319250003169414e-7 -0.5282166497716814 -0.10186984982928864
0.9999977722099351 0.3555085532747185 4.177768652707054e-8 -7.07212064516178e-8 -1.0792038656813335e-6 0.009325567816800948 4.923865503037509e-8 -1.037758802258028e-7 5.996731818563357e-9 1.1075170385139611e-7 -0.27135401530251285 -0.019305714359170032 -3.8969237527239055e-9 -2.285161692336719e-7 -0.5316012460772863 -0.047748979348499004
0.9999976817062982 0.3562523004433632 5.279282055333909e-8 -6.908330927722492e-8 -1.0950124447876046e-6 0.009063708973882235 4.448289576843401e-8 -1.081838015970376e-7 -1.1001423290901362e-10 9.833612712406935e-8 -0.27033160840574855 0.007900383292507869 -2.7424592105727304e-9 -2.544651859531892e-7 -0.5295825290569863 0.005994084089153005
0.9999975906135617 0.35697489962636686 6.409608550790652e-8 -6.402840115631765e-8 -1.113515451679834e-6 0.008814707459278042 3.852171307640733e-8 -1.0203187197421228e-7 -7.385699666590992e-9 8.226260887199157e-8 -0.2666200292242573 0.0347109756055094 -6.640974414806228e-9 -2.6334319927613484e-7 -0.5222682191280344 0.05883568180843861
0.9999975047030436 0.3576775310003499 6.804645003936333e-8 -5.6764236028479677e-8 -1.1360527581317013e-6 0.008577685395481852 3.65429743538435e-8 -9.193704327326734e-8 -1.0840855267230947e-8 6.64974380483493e-8 -0.2602874844761712 0.0608638874578081 -1.4282580489719766e-8 -2.5898573120117535e-7 -0.5098152964273007 0.11026906895829817
0.9999974170083709 0.358361231591528 5.79555938137217e-8 -8.98593235345259e-8 -1.1481332543649698e-6 0.008351776603518796 3.36924507115576e-8 -8.664853428436946e-8 -8.743512800080697e-9 4.014040638281203e-8 -0.2514273612017481 0.08610652382287358 -2.2363024598320695e-8 -2.496866541068012e-7 -0.4924277935909453 0.1598090383816704
0.9999973187603509 0.3590268614351458 4.1967454045905844e-8 -1.0656535436552279e-7 -1.156273968302654e-6 0.0081362593648106 3.388858411702801e-8 -8.8986267885927e-8 -5.516956446170166e-10 -6.311038267128223e-9 -0.24015703454259563 0.1101983123139847 -3.584482451545139e-8 -2.5988366868937173e-7 -0.4703543124973664 0.20699594621152098
0.9999972163406274 0.35967534968744896 4.7730492369821417e-8 -8.226658869125001e-8 -1.1733185261194491e-6 0.007930452581317974 2.3613971902801388e-8 -8.61389609722352e-8 1.6445634629053955e-8 -8.432736925416965e-9 -0.2266163944499589 0.13291280736308447 -3.304642284474665e-8 -2.44170563501622e-7 -0.44388492098036514 0.25140004429622753
0.9999971218898839 0.3603074988426161 8.584186622357383e-8 -3.633501059546499e-8 -1.1905873206336063e-6 0.007733699448027508 1.318445184696252e-8 -8.847039883999572e-8 8.832379772626358e-9 1.4889257579655977e-8 -0.2109661746273569 0.1540399146308208 -2.443845061890695e-8 -1.952601250265901e-7 -0.4133480196392934 0.2926248384622601
0.9999970214091707 0.36092398248237334 9.525999780989219e-8 -3.0361650794802704e-8 -1.1995090669150471e-6 0.007545438408980536 1.9182117198141577e-8 -7.89135281977082e-8 7.989416002114343e-9 3.331069663783577e-8 -0.1933861303728097 0.1733876745752182 -2.1177007351915406e-8 -1.4620358273635554e-7 -0.3791064987477588 0.33031060504126764
0.9999969105537428 0.36152545022770965 1.0349990852343731e-7 -3.0237696553662786e-8 -1.195607386417792e-6 0.007365145121107568 2.9161987631990134e-8 -6.86214094458786e-8 8.90468780985361e-9 5.3763963057830594e-8 -0.17407315125106532 0.1907839070849247 -2.2578638675810627e-8 -1.0448695465874734e-7 -0.341553833565933 0.36413730096523556
0.9999967958775943 0.36211256354438925 1.0393677593649234e-7 -3.485117852107705e-8 -1.1846281577983275e-6 0.007192335702565187 3.18694812356554e-8 -6.983191738955944e-8 1.8302274206197211e-9 7.264217986842729e-8 -0.15323894855826742 0.2060777733546842 -2.0712237504251965e-8 -7.86874597955644e-8 -0.3011100452646369 0.39382696805899475
0.9999966877628097 0.3626859888488627 1.0314686792120501e-7 -4.0190562586266785e-8 -1.166493035513609e-6 0.007026550591328255 2.8354575562048208e-8 -7.30768241612164e-8 -2.1092071131545283e-9 7.423431008020825e-8 -0.13110796109519068 0.21914091302310057 -2.1688643233594407e-8 -9.570448402284733e-8 -0.2582171929474058 0.41914592800216144
0.9999965803737494 0.3632462982167013 9.951793092304222e-8 -4.3208796472654146e-8 -1.1498317420602344e-6 0.006867375925166698 3.2509223598612655e-8 -5.991153764262851e-8 -1.1151681030642024e-8 6.774739518289561e-8 -0.10791487130932943 0.22986855561836306 -1.5996390134823622e-8 -1.1832886641605035e-7 -0.213334941794047 0.43990638319543907
0.999996474341798 0.3637939966017982 9.857259427649321e-8 -4.938325300639572e-8 -1.1343264704667986e-6 0.006714445748654717 4.070019600474941e-8 -4.38224789304479e-8 -2.1584863259134454e-8 5.5124244704486735e-8 -0.08390222662767641 0.23818022373101277 -2.2654042910674254e-8 -1.205877579570661e-7 -0.16693580836177457 0.4559675900714988
0.9999963705180063 0.36432963588660183 1.0084114051090895e-7 -5.1763821097905883e-8 -1.109007009192881e-6 0.0065674296804753484 4.8479435587516594e-8 -3.441094857018937e-8 -3.462738964856975e-8 6.279518165594268e-8 -0.05931807765884231 0.24402023930113503 -1.886948115038137e-8 -1.0755963876645592e-7 -0.11950041887748872 0.4672366616852518
0.9999962659989757 0.3648537612269607 1.0338304606554369e-7 -4.640307351412946e-8 -1.0727928078335812e-6 0.006425986884743442 5.8454739235510545e-8 -2.7405900148836102e-8 -4.415160996758418e-8 6.76753593066628e-8 -0.034413253771332385 0.24735805308367476 -1.926263136439e-8 -6.432043399123196e-8 -0.071512978590768 0.4736687313433496
0.9999961602547989 0.36536678408341533 1.2724373947455535e-7 -4.9153652086325554e-8 -1.0305816000201722e-6 0.006289810099853924 6.470068090924876e-8 -2.4443440688264705e-8 -4.810270114177475e-8 5.2950052716917765e-8 -0.009438951003855075 0.2481882218520227 -1.683469380995237e-8 -5.2411185471865804e-8 -0.023456482315014626 0.4752668018664813
0.9999960576908411 0.3658690467381965 1.4790514019119334e-7 -5.762911074575621e-8 -9.613022590108145e-7 0.006158614896101578 4.601968747580608e-8 -1.787634574175098e-8 -4.5770473496364795e-8 3.574078487562927e-8 0.015355700465330632 0.2465301789910876 -1.2691743605653071e-8 -8.556956282677933e-8 0.02419199627473012 0.4720811201442683
0.9999959374931493 0.36636100790453774 1.5131109610476588e-7 -6.415071274847351e-8 -9.028952652832598e-7 0.006032129199750732 1.0470889958437656e-8 -1.2106852018100985e-8 -5.286068301634901e-8 2.615030923368927e-8 0.03972609095111345 0.24242779007005183 8.629953848687335e-10 -1.273147502204135e-7 0.07096589822181107 0.46420804016426787
0.9999958274469576 0.3668429508133133 1.8060004530303987e-7 -8.27331622614776e-8 -8.416023540513856e-7 0.005910136808429712 -1.0177956635166756e-8 -5.618241791633325e-9 -6.05532168944188e-8 2.4770210411260837e-8 0.06343450992632371 0.23594861273554754 1.1024102045978501e-8 -1.4734026388343813e-7 0.11641330185696326 0.4517885250211651
0.9999957196907402 0.3673153087846735 2.1926218856289317e-7 -1.1789881663011558e-7 -7.696528279533354e-7 0.005792380477720601 -1.1074742028362743e-8 -6.773339317563282e-9 -6.561995043824817e-8 2.7928402633400418e-8 0.0862523858120411 0.22718301563396764 7.116859698760642e-9 -1.4145501844167107e-7 0.16010139560499076 0.43500617184907875
0.9999956165848819 0.3677783974944064 2.4374740554437416e-7 -1.4143476775422537e-7 -6.872534326323968e-7 0.005678654645264313 3.6855221273862227e-9 -1.6066897835621833e-8 -7.675133879375945e-8 5.119291994256007e-8 0.10796248176444331 0.21624302472720466 -1.9049613349037797e-9 -1.1611676149024548e-7 0.2016202627051531 0.41408494179380156
0.9999955187455078 0.36823260366313426 2.3030536157082684e-7 -1.3406569355395108e-7 -5.974594981628498e-7 0.005568777016815559 1.3473892063668837e-8 -1.906111429897155e-8 -8.008652730612205e-8 6.357354189078146e-8 0.12836087235980997 0.20326097327846182 -1.4234586820148428e-8 -7.434815140720974e-8 0.240586583619329 0.38928648387615034
0.9999954241660912 0.36867814763384443 1.8721563218853602e-7 -1.0669994516247684e-7 -5.086070055806179e-7 0.0054625647765778294 2.3589057701442216e-8 -2.8728702931869236e-8 -9.143203092597075e-8 8.821643010088967e-8 0.14725882724157327 0.18838801395026292 -2.7648474124710427e-8 -4.320920921456849e-8 0.2766469711344114 0.36090711099570727
0.9999953267737952 0.36911530308693763 1.3785180900091334e-7 -7.869653192625326e-8 -4.1535410762277864e-7 0.005359811609557594 2.5363652811512425e-8 -4.0595733326958773e-8 -1.0087756371433033e-7 1.0860573579178728e-7 0.16448445658242164 0.17179237897566796 -4.3001504021621645e-8 -2.3003569644085872e-8 0.3094812361605548 0.32927443461479267
0.9999952218041733 0.3695444237257874 1.0486776648770085e-7 -6.543192828356121e-8 -2.9935339101423646e-7 0.005260337128181213 3.410198230653482e-8 -6.193986585051405e-8 -9.620589871809172e-8 9.702275411855048e-8 0.17988432854780043 0.15365759293985776 -5.826059895864566e-8 -1.3282737949863425e-8 0.338804907315617 0.2947438479053561
0.9999951183980003 0.3699656939859919 7.546424265750683e-8 -3.8337609592498005e-8 -1.8929212146810107e-7 0.005164079900439049 2.3935699095775508e-8 -6.34163558027708e-8 -9.630476957225205e-8 1.2925001604511777e-7 0.19332475555069217 0.13418037848202471 -7.492808899831094e-8 -1.582757223717887e-8 0.36437156830926 0.2576947736954964
0.9999950115745186 0.37037939637235295 5.803180747771676e-8 -2.3837528974021103e-8 -7.716565497080709e-8 0.005070815045543725 1.1254915308498796e-8 -6.42585881830563e-8 -1.0376286030710203e-7 1.6372158930150027e-7 0.20469281888499885 0.11356879487366783 -8.248603785694011e-8 -2.9066465360788227e-8 0.38597485606762516 0.21852655339773366
0.9999949081543257 0.3707857692351293 5.942406137336907e-8 -4.217703062802806e-8 4.670034249799954e-8 0.004980427314203103 4.921298033943182e-9 -7.185502507720314e-8 -1.0743980687679739e-7 1.956291679862368e-7 0.2138973614661121 0.09203984690461169 -8.992711561123598e-8 -3.3240386934431246e-9 0.4034499704625484 0.1776543912211862
0.9999948005661335 0.37118499439806174 6.742461934603162e-8 -7.290003398218134e-8 1.8211611597785145e-7 0.004892768529931278 4.781464879799501e-9 -9.407426778574396e-8 -1.1429403855018195e-7 2.1320772769740326e-7 0.2208696333393052 0.06981736202405357 -9.670564320850005e-8 2.720147487309154e-8 0.41667474558326456 0.1355051227638474
0.9999946896659705 0.3715772565750221 7.324657684050597e-8 -9.525682206778224e-8 3.193840872940438e-7 0.00480774656079231 9.750052835116605e-10 -1.1638842076447398e-7 -1.194521626278163e-7 2.1779757335936102e-7 0.22556372823254445 0.04712967485703252 -1.0394228653990724e-7 5.082748671247502e-8 0.4255703274679545 0.09251290661237711
0.9999945935390525 0.3719628176270746 8.906588803189319e-8 -1.326311241656696e-7 4.718286965291703e-7 0.004725236732505992 -1.364188801317599e-8 -1.3280716483560297e-7 -1.2169321179658697e-7 2.397353462864069e-7 0.22795678065166683 0.024207353878590288 -1.0924233335689673e-7 1.1174509528897789e-7 0.430101475726943 0.04911485177040164
0.9999944787466909 0.3723419032459358 8.024190574800405e-8 -1.2941082820595734e-7 6.574749734115254e-7 0.004645037641920243 -1.1848093203744704e-8 -1.5845149442150042e-7 -1.0953470873258659e-7 2.0899192374806356e-7 0.22804897542153407 0.0012808716036538082 -1.30372042726459e-7 1.824281445040579e-7 0.4302763232552212 0.005746762877036446
0.9999943742845524 0.37271459845700805 8.084326372277551e-8 -6.860272232031478e-8 8.440406873469299e-7 0.004567205035577495 -2.3680265399389944e-8 -1.3924866401669992e-7 -9.708892088475951e-8 1.7359594870006962e-7 0.22586329008019096 -0.021421657681110387 -1.3445181761197105e-7 1.5482878155652462e-7 0.42614584017569557 -0.03716105471136082
0.999994260333199 0.37308112222085293 8.5161039428076e-8 -4.29565320728305e-8 1.030921293428035e-6 0.00449159454563585 -2.88060119167579e-8 -1.3695512095128564e-7 -1.0198879029850228e-7 1.4022175440322636e-7 0.22144505235575224 -0.04367666589620579 -1.218464177002087e-7 4.5750945623696785e-8 0.41780279581182084 -0.07918806975676833
0.9999941709610717 0.3734416958074534 8.90688779155028e-8 -7.312095907888608e-10 1.2338440024047122e-6 0.004418104025388457 -3.067864257996232e-8 -1.3449280203607792e-7 -1.1311205778882052e-7 1.2648207962672963e-7 0.21486126537280442 -0.06526734192810346 -1.1895339655950408e-7 2.9392383247979668e-8 0.40538036739914873 -0.11992743784930461
0.999994074059204 0.37379648263091436 9.554830671812131e-8 2.9508245174624148e-8 1.4566876092488375e-6 0.004346599556723605 -3.834032156188957e-8 -1.400050301464483e-7 -1.246247617350987e-7 1.2072915239829275e-7 0.20619968310061224 -0.08598571558362911 -1.2262586452606033e-7 4.2900470127076566e-8 0.3890503571011467 -0.15898980057959977
0.999993942353969 0.3741456556429832 8.025912553356922e-8 -9.466689925586822e-9 1.7011041982139898e-6 0.004276981109908523 -2.8962953564722697e-8 -1.4469558311203452e-7 -1.3337926149997156e-7 1.328048054635359e-7 0.19556775841272286 -0.10563464357828503 -1.1197663071619204e-7 4.3225197282572333e-8 0.36902109110522624 -0.19600695592650869
0.9999938117875565 0.3744893498126976 3.95037908864654e-8 -5.702432772137915e-8 1.9374239704035737e-6 0.0042093275676738364 -4.102163325644872e-8 -1.4505114641272693e-7 -1.3840155556249724e-7 1.2800475873344404e-7 0.18309140380887462 -0.12402953061301619 -1.0492574148127545e-7 3.117001839700561e-8 0.3455349704030068 -0.23063518660857246
0.9999936956092281 0.3748276976826031 1.590468441517049e-8 -5.601704804104252e-8 2.1838607686550893e-6 0.004143471204521123 -5.251705155292332e-8 -1.4724907054414915e-7 -1.4491234968428315e-7 1.0809224024253024e-7 0.16891351429193666 -0.14100009036084238 -1.0055840768404202e-7 -1.3163048210900946e-8 0.31886563648970256 -0.26255835843475445
0.9999935798672989 0.3751608508774517 -2.0380503860687257e-8 -5.3418381738709445e-8 2.446280563297281e-6 0.004079312743437326 -7.371241345222497e-8 -1.783516546891916e-7 -1.6925276279030612e-7 9.286012495872213e-8 0.15319239805982404 -0.15639193208835409 -9.594579806513272e-8 -6.115941500187325e-8 0.28931497469010176 -0.29149070063920907
0.9999934582883595 0.37548879618092557 -6.998764850528239e-8 -7.665288314223386e-8 2.7178275993481067e-6 0.004016844733661541 -8.513213655202939e-8 -1.7847787011471285e-7 -1.8045468515083092e-7 5.3829268097081614e-8 0.13610011807961636 -0.17006783797343525 -1.0046641818578199e-7 -1.3867077605734823e-7 0.25720993829819033 -0.31717922157464745
0.9999933426883708 0.37581179626645567 -1.596505813970486e-7 -1.10209257945982e-7 2.9815645787824996e-6 0.00395601991304024 -9.666498832468113e-8 -1.6098457509005318e-7 -1.882111168830883e-7 3.993437349428224e-9 0.11782056507586951 -0.1819090171285133 -1.005174282897755e-7 -2.384218985773547e-7 0.2228987998635564 -0.3394059292796397
0.9999932330475039 0.3761299905516863 -1.9846811506813694e-7 -1.0403265536248654e-7 3.2540413344072766e-6 0.0038967364805007083 -1.0158390975191209e-7 -1.499577103041695e-7 -1.9419534579431354e-7 -3.872262833603686e-8 0.09854753938577326 -0.191816082934263 -9.622898002631901e-8 -3.319386977281922e-7 0.18674766136956342 -0.3579895023727164
0.9999931179073039 0.3764435837020674 -2.6922421572423817e-7 -1.0976791532526354e-7 3.5328883959729766e-6 0.003838916616067696 -1.0889974208147678e-7 -1.433973482237135e-7 -1.974210350590217e-7 -5.310115380833968e-8 0.07848274207210715 -0.19970982261576833 -9.081601516812128e-8 -3.444818540405373e-7 0.1491366364386294 -0.3727866352596916
0.9999930034971526 0.37675268571928033 -3.491616317621361e-7 -1.0601074241555528e-7 3.820717012053293e-6 0.003782522707539884 -1.220689037607488e-7 -1.3756843510062346e-7 -2.0314563327587265e-7 -3.9591701295018137e-8 0.05783375960945783 -0.20553176523482103 -8.622174344682879e-8 -3.1202655329376803e-7 0.11045605493519614 -0.38369302857223886
0.9999928987798715 0.37705730079568334 -4.3133490479670547e-7 -1.0005935437001243e-7 4.121838324416784e-6 0.0037274969114364748 -1.3918778803470613e-7 -1.3319066571169738e-7 -2.0825124729596175e-7 -3.261812613599303e-8 0.03681190161211234 -0.2092445774664184 -7.772933734392174e-8 -2.8660207855977147e-7 0.0711024027341148 -0.39064400798573806
0.9999927917815485 0.37735754409265176 -5.131674782548618e-7 -9.077353024756909e-8 4.432084751750252e-6 0.003673807858501291 -1.5690597143520835e-7 -1.2946708923304066e-7 -2.133507752630179e-7 -3.417885153275568e-8 0.01563004696541881 -0.2108322321936688 -6.794984870640756e-8 -2.742489424526429e-7 0.03147433935503211 -0.39361473048016626
0.9999926805710535 0.37765351247693746 -5.371776916502269e-7 -8.382797799303004e-8 4.750906639385642e-6 0.003621452387799008 -1.6415703169671622e-7 -1.203268930316111e-7 -2.1542829239689827e-7 -3.674595050530182e-8 -0.005499440566679705 -0.2102999451399835 -5.651234328433915e-8 -2.4261995239620905e-7 -0.008031186927646695 -0.39261995070069095
0.9999925845967192 0.3779453646306896 -4.978061327826824e-7 -7.717724529430833e-8 5.077960782641119e-6 0.00357034595350854 -1.7745741362680747e-7 -1.0713520242234916e-7 -2.1743508527910676e-7 -5.0772174259649945e-8 -0.026366783010634814 -0.20767389696238694 -4.6777057977247035e-8 -2.383095359581811e-7 -0.04702285423098371 -0.38771349930870025
0.9999924923296032 0.378233132154916 -4.46194351876941e-7 -6.967332857905992e-8 5.409909432999938e-6 0.0035204456781146977 -1.9543212077948182e-7 -9.497771866844406e-8 -2.1635750181872876e-7 -7.378795595668972e-8 -0.04676689896779381 -0.20300079515802844 -3.4748003976857964e-8 -2.5008869492668286e-7 -0.08511873006651526 -0.3789872608504606
0.9999924125587016 0.3785169829718149 -4.3982123973766286e-7 -4.6679375634981506e-8 5.751686961746214e-6 0.0034716922562877607 -2.20718905168732e-7 -7.852444613100698e-8 -2.154259451254789e-7 -8.562443125821762e-8 -0.0665013244909139 -0.19634720729078534 -2.2546631699724132e-8 -2.421093425592623e-7 -0.12194983662669773 -0.3665698988219727
0.9999923253764983 0.3787969970843554 -4.2995700600481375e-7 -2.853101577079241e-8 6.1048512058429355e-6 0.003424054688693298 -2.4818061319604894e-7 -5.958431688844873e-8 -2.1467467361468232e-7 -7.584200527584634e-8 -0.08538014862665984 -0.18779870442341648 -6.042277196745393e-9 -2.0460766929957305e-7 -0.15716379546239592 -0.3506251924580154
0.9999922394984734 0.37907320566799013 -4.2913012109060864e-7 -5.767718631319856e-9 6.46770988445778e-6 0.003377519167237486 -2.845113276665734e-7 -3.401475637765145e-8 -2.1488004218099492e-7 -6.717326192407537e-8 -0.1032238151860711 -0.17745882143401415 1.0405631309876818e-8 -1.782005910821285e-7 -0.19042808057397562 -0.33135002176795536
0.9999921558990299 0.3793456605320203 -4.4511134548027965e-7 2.361713682228179e-8 6.831423347061376e-6 0.003332033571835147 -3.1677661207751675e-7 -8.201781863954054e-9 -2.1458006790680296e-7 -7.04055011182946e-8 -0.11986478362939437 -0.16544786571631134 2.122481007232971e-8 -1.5965186755864282e-7 -0.221433056347504 -0.30897209051761304
0.9999920615221517 0.37961445564571816 -4.85713770235631e-7 8.223560008229646e-8 7.194133869209298e-6 0.0032875749691590305 -3.456611108530702e-7 1.77173062905562e-8 -2.1647416738654924e-7 -9.244077083100223e-8 -0.1351490706070567 -0.15190156827286985 3.636082847976616e-8 -1.82942633852475e-7 -0.24989477418545913 -0.28374735502229
0.9999919886427814 0.3798796779842603 -5.29049488312249e-7 1.5005792965540316e-7 7.546957900900901e-6 0.0032441217781446732 -3.573962087831624e-7 3.799073383601364e-8 -2.2190893044391352e-7 -1.23857261186916e-7 -0.1489376112939471 -0.13696961932520146 5.7036739768346885e-8 -2.1642068518576383e-7 -0.27555753077744605 -0.2559571452531145
0.9999919092741499 0.38014154027217606 -5.984017787718265e-7 2.636162837373109e-7 7.902682268511493e-6 0.003201652118783985 -3.5955356809046125e-7 6.12466193688634e-8 -2.204357160860325e-7 -1.6417939566622348e-7 -0.16110763638897083 -0.12081394165317004 7.642444173177657e-8 -2.5830587463970035e-7 -0.29819599658958745 -0.2259053156744935
0.9999918261763165 0.3804001150368321 -6.697179937571196e-7 4.1221212874671857e-7 8.258107149791685e-6 0.0031601142819519816 -3.6771849684847593e-7 1.003029699058854e-7 -2.1893816757815514e-7 -1.8917292759523676e-7 -0.1715535293038027 -0.1036071159944001 9.23345016206378e-8 -2.7760080290928536e-7 -0.3176172181258472 -0.19391479273081047
0.9999917199399809 0.3806554507433607 -7.522815147409622e-7 6.072690773739464e-7 8.618629349254613e-6 0.0031194439573790896 -3.8027812040204305e-7 1.4864701267209225e-7 -2.1791392506364123e-7 -1.9983678126631723e-7 -0.18018782474341322 -0.08553048674348146 1.0650480000218588e-7 -2.897799445282163e-7 -0.3336621338748635 -0.1603242883977894
0.9999915994442348 0.38090744599677434 -7.916576717776932e-7 7.44781474543552e-7 8.983698437720743e-6 0.0030796344572688802 -3.921791442344769e-7 2.0738471393371276e-7 -2.1893774021504132e-7 -1.9593281880353393e-7 -0.18694187340457585 -0.06677231949437722 1.1361557053929e-7 -2.759712690216122e-7 -0.34620679863018006 -0.12548481089194388
0.9999914843748969 0.3811561512793836 -8.010792929909315e-7 8.186912420640598e-7 9.35521554319198e-6 0.0030407183310777013 -3.9962554580676656e-7 2.687830610042233e-7 -2.259492054577732e-7 -2.112571117091971e-7 -0.19176636041560574 -0.04752580179877257 1.049977517374141e-7 -2.786863499067956e-7 -0.3551632618484072 -0.08975596235384584
0.9999913715381259 0.3814016905226794 -8.146845928496699e-7 9.083825079625125e-7 9.722454287885607e-6 0.0030025480643427593 -4.0365693040596943e-7 3.303889353498597e-7 -2.3583412577926478e-7 -2.1267298484832002e-7 -0.19463161677553792 -0.0279872012616991 1.0423830108522995e-7 -2.71398971694212e-7 -0.36048002259414924 -0.0535023792943746
0.9999912630651508 0.3816442039881369 -8.401855582825788e-7 1.0585866973922193e-6 1.0085001969181238e-5 0.0029651712127926645 -4.0685886561477253e-7 3.2646280985928115e-7 -2.4339850514507996e-7 -2.2212701400655414e-7 -0.19552766369386693 -0.00835367903767907 8.557118760420539e-8 -2.4798127962976334e-7 -0.3621422269563382 -0.017090174841271497
0.999991145652373 0.3818836452686431 -8.479913448734313e-7 1.0833385463285145e-6 1.045960264666912e-5 0.0029285593281333216 -4.020042751777459e-7 3.554027175747015e-7 -2.42800487568544e-7 -2.591393299147697e-7 -0.19446421878963246 0.011178353020490748 6.313967018503304e-8 -2.832273668379584e-7 -0.36017124681782514 0.019116842133798224
0.999991024681488 0.38212012150118646 -8.586067502166053e-7 1.0426204271153486e-6 1.083423008589796e-5 0.002892706908315513 -3.9882779492807497e-7 3.7127580998871516e-7 -2.4266008965446984e-7 -2.907443044890853e-7 -0.19147035035971197 0.03041540465839845 3.7279914414182415e-8 -3.200357836827076e-7 -0.35462430870789824 0.05476059060086253
0.9999908911760287 0.38235375209257577 -8.865660232159753e-7 9.880457659331974e-7 1.1194916089265376e-5 0.002857550307403125 -4.0379914799700884e-7 3.710025538182418e-7 -2.475086510473769e-7 -3.026524767956836e-7 -0.18659400073716872 0.04916876963536627 1.5023215824329156e-8 -3.0809350604652145e-7 -0.3455934618518147 0.08949235738810396
0.9999907385128786 0.3825847708958987 -8.964082112946998e-7 1.0103077990124343e-6 1.1508597498897422e-5 0.0028233628746061243 -4.078703124983926e-7 3.519761556159077e-7 -2.4735346329397635e-7 -2.825600794738026e-7 -0.1799013909050458 0.06725628576694062 9.900348272006547e-9 -2.308810777756994e-7 -0.3332043284371548 0.12297598695500483
0.9999906129976759 0.38281309179379874 -8.855236201321287e-7 1.091817023177102e-6 1.1867943267528888e-5 0.002789276068412675 -4.129455374376201e-7 3.3472939701697186e-7 -2.4854378655548426e-7 -2.1143914368361124e-7 -0.17147613902562464 0.08450412196672398 -2.079248440302471e-8 -1.804023733525796e-7 -0.3176145567440053 0.1548911859437106
0.9999904462886925 0.38303866812042653 -8.610580373947441e-7 1.1572946510071497e-6 1.2286060974346791e-5 0.0027561050101085776 -4.2837783955455943e-7 3.1814176557595817e-7 -2.467551196559174e-7 -1.7639376728447778e-7 -0.16141829926755988 0.1007484071633556 -4.38339932286423e-8 -1.4257250659087816e-7 -0.29901183303947637 0.1849364404230895
0.9999902916690772 0.3832616672572808 -8.557110157016832e-7 1.1693103502797731e-6 1.2714267202494889e-5 0.0027236550403933477 -3.836132458894447e-7 3.510277718890457e-7 -2.495270614786776e-7 -1.5124730746530152e-7 -0.149843170810784 0.11583681813045013 -7.028269071914064e-8 -1.1513038657534568e-7 -0.27761189299291505 0.2128317916027206
0.999990121823348 0.3834821093926557 -8.430389631654667e-7 1.19318867863408e-6 1.312628980421764e-5 0.0026919334211859074 -3.1895054521170667e-7 4.0924987761022447e-7 -2.5716978398157706e-7 -1.2742577191163e-7 -0.13688007084963638 0.12962986199514584 -9.85170344423313e-8 -7.930792458411289e-8 -0.2536559972616402 0.23832147708349366
0.9999899295905924 0.3836999201238115 -7.829873111779085e-7 1.2520241816673709e-6 1.3521898693333623e-5 0.002660864169172297 -2.541389501378876e-7 4.510584932058133e-7 -2.658717076067244e-7 -1.0949240814069564e-7 -0.12267091424571973 0.14200221742584992 -1.2321329201339575e-7 -6.005023654326776e-8 -0.22740832452402052 0.26117613547231094
0.9999897367503164 0.3839152588276583 -6.343137019765143e-7 1.3662186190844452e-6 1.3923340849460749e-5 0.002630300499500477 -1.843441628176443e-7 4.834546727816446e-7 -2.703091426777744e-7 -1.1180514157134357e-7 -0.10736868919037026 0.1528438250976194 -1.3680919556708846e-7 -6.902938452976306e-8 -0.1991531490672458 0.28119486028303387
0.999989510189427 0.3841280421304092 -4.6210246620427305e-7 1.4720016801182661e-6 1.4319087731174875e-5 0.0026002751255305196 -1.3155683985929043e-7 4.903335644994643e-7 -2.725986300871496e-7 -1.1564063645038494e-7 -0.09113582731758564 0.1620608551178851 -1.437054289918801e-7 -7.078820640746212e-8 -0.16919174631788136 0.2982069054144289
0.9999892641058171 0.3843384200219414 -2.902280876878678e-7 1.5446219874055285e-6 1.4693898182893566e-5 0.0025708636782112403 -9.412794047277803e-8 4.7446406798804277e-7 -2.76262215008681e-7 -1.1333851347857633e-7 -0.0741424946783544 0.16957648052975172 -1.5423240730583495e-7 -4.4256685838668516e-8 -0.1378392842389447 0.3120730637391687
0.9999889989073496 0.3845464301214065 -1.646748185438626e-7 1.5866908861746016e-6 1.5055647798547527e-5 0.0025419867185029164 -5.8603918038580306e-8 4.760526482326472e-7 -2.7855464495681924e-7 -1.1283992581302957e-7 -0.05656486466534082 0.175331500009223 -1.5758828573172177e-7 -4.4340544494132684e-8 -0.10542161010094339 0.3226867320484355
0.9999887196711712 0.3847520960958208 -5.614320174258097e-8 1.6176348739501719e-6 1.540763043836485e-5 0.0025136096746520425 -3.917220565260158e-8 4.6487028949634653e-7 -2.7640910714585506e-7 -1.2062393760407686e-7 -0.038583329105275774 0.17928472630733722 -1.5364255472715679e-7 -6.3914549136876e-8 -0.072271918335609 0.32997458474853947
0.999988443261774 0.3849554959922465 -8.854972883680147e-9 1.6425094387374437e-6 1.5729989776782078e-5 0.0024858672190758956 -4.6645219480766695e-8 4.63678509802905e-7 -2.8134513079580765e-7 -1.443247420229309e-7 -0.020380507620679902 0.18141325248373438 -1.613151269627813e-7 -1.4376025609318632e-7 -0.03872711641504886 0.33389700011876694
0.9999881476379195 0.38515673893171254 -2.056458283976159e-8 1.6517981719029778e-6 1.608932855831299e-5 0.0024584740806393272 -3.2570520669479794e-8 4.442502955944467e-7 -2.768700845607107e-7 -1.4500587849018557e-7 -0.0021397209782252243 0.18171252238631963 -1.485757912070185e-7 -2.0792530756449733e-7 -0.005124966424531073 0.33444818652119757
0.9999878439517592 0.38535564793241395 4.082231103967021e-8 1.6501449144005748e-6 1.648420769858656e-5 0.002431470636459096 9.35017271209499e-8 3.955607236525544e-7 -2.6507177751411916e-7 -1.6104637005989483e-7 0.01595697347579395 0.1801961986319894 -1.4380065756213554e-7 -2.4322292039666143e-7 0.028199350669210397 0.3316557274789112
0.9999874898563484 0.3855521562301005 8.325370863624751e-8 1.6558433825355695e-6 1.694438878134744e-5 0.0024051340452353057 1.5601423508241383e-7 3.204231070724388e-7 -2.2876839399032593e-7 -1.5084549451319907e-7 0.03373084998389662 0.17689579997886856 -1.1929500032233657e-7 -2.413984733888875e-7 0.06091744650084285 0.3255800834650152
0.9999871248120111 0.38574644119064244 2.1895016840918805e-7 1.6061301746020405e-6 1.740653947064283e-5 0.0023792170661979107 1.9959550734087345e-7 2.934447358149863e-7 -2.1618115865495172e-7 -1.6548519912500685e-7 0.05100759161868008 0.17186042692441256 -1.0939889853204814e-7 -2.9793107409506717e-7 0.09270880466869111 0.3163143509022765
0.9999867652443863 0.3859387014962384 3.733462615141874e-7 1.542360766947694e-6 1.777975012772864e-5 0.002353710585461667 2.2800701771699075e-7 2.6945271879478206e-7 -2.064324105009711e-7 -1.8315365892852268e-7 0.06761985828137206 0.16515586477169492 -8.29210034595554e-8 -3.5791472506438196e-7 0.12326628865837551 0.3039815974068159
0.9999863875180759 0.38612898117271965 5.130516075471101e-7 1.4612088675369437e-6 1.8156320625914152e-5 0.002328595392321168 2.534010741671646e-7 2.4603837449914834e-7 -1.9918455393839097e-7 -1.9459795827056653e-7 0.0834082108592096 0.15686393082793582 -6.061698222816735e-8 -4.0161945009734646e-7 0.1522980549164034 0.28873428908149895
0.9999859800148583 0.3863172652480991 7.162334631151435e-7 1.2855346206979035e-6 1.8522021631814714e-5 0.0023039588352639796 2.6394271161595554e-7 2.214233011279637e-7 -1.9693491133765897e-7 -2.022865472116875e-7 0.09822289275300423 0.14708141978397063 -4.759446676896075e-8 -4.300639823082301e-7 0.17952994747210568 0.2707523404776657
0.9999855759600361 0.3865034529763169 9.01984913420438e-7 1.128790518615027e-6 1.887085880816176e-5 0.0022797851553630327 2.8862906615417753e-7 1.758936476639145e-7 -1.9265436926304575e-7 -2.0704136298247288e-7 0.11192508594834122 0.13591916230386217 -3.6691630241503417e-8 -4.368110950084732e-7 0.20470828363831448 0.2502411839726665
0.9999851535445586 0.3866876163785406 1.0292219835722375e-6 1.0132143957858398e-6 1.920675055960243e-5 0.002255931927139444 2.913509559058661e-7 1.496777541224995e-7 -1.87799048957609e-7 -2.176257695744288e-7 0.1243882509359255 0.12350071889580509 -2.7257933981623002e-8 -4.6152170428106296e-7 0.22760212369880334 0.22742941380939682
0.9999847271546136 0.3868698011033165 1.0471288286791183e-6 1.0075108804838049e-6 1.9543313287675227e-5 0.002232413896941653 2.999926509660994e-7 1.1641997888683028e-7 -1.839472348141351e-7 -2.443915079983595e-7 0.13549940753840264 0.10996095912014962 -1.987983168829438e-8 -5.248822735813585e-7 0.2480056169998125 0.20256618449044014
0.999984270709387 0.3870500427153128 1.0297545400038785e-6 9.68943875036571e-7 1.9882388126771676e-5 0.0022092006691387545 2.94794096176713e-7 8.27174409670606e-8 -1.7907643192366943e-7 -2.751542554151122e-7 0.14515997031788205 0.09544469424449478 -1.0938235932683947e-8 -5.827763402383185e-7 0.2657395034721896 0.1759185929958367
0.9999838173076748 0.3872283903003037 1.0567924621781755e-6 8.5941581453371e-7 2.0223181738312407e-5 0.00218644909359765 2.8022213488697554e-7 1.3171896922047932e-7 -1.664342254570958e-7 -2.774765647447981e-7 0.15328671436739702 0.08010508822531127 8.903289902110312e-9 -5.501366539783865e-7 0.28065291039217743 0.14776872018443632
0.9999833526745905 0.3874048581524439 1.1869092095626085e-6 5.627608142085452e-7 2.0542283036119774e-5 0.0021641321580093235 3.09239816389799e-7 1.273180982702404e-7 -1.5334312878155843e-7 -2.7572597376095073e-7 0.15981227007868212 0.06410234004960733 2.7056938811522284e-8 -5.263839060079257e-7 0.29262411057233684 0.1184113279030944
0.9999829166536623 0.3875795266041443 1.193417355593746e-6 3.6545133226572757e-7 2.08960253759481e-5 0.0021420470767355175 3.227416125717005e-7 1.206300694006025e-7 -1.397258653695047e-7 -2.7270526837188336e-7 0.16468586870668986 0.04760172468868452 4.6089135644339707e-8 -5.171026649003213e-7 0.3015619458186998 0.08815016851814088
0.999982480067268 0.3877525382476261 1.2100272620544908e-6 1.5107211102054176e-7 2.12589865006388e-5 0.002120319346744923 3.4533106784911457e-7 7.722083277232949e-8 -1.2621789938588834e-7 -2.636363429568859e-7 0.167873591944615 0.030771966016129176 5.7365092551323515e-8 -5.033491936462063e-7 0.30740616023659445 0.057295046180325014
0.9999820379853482 0.3879238166400391 1.2078378973152625e-6 -8.71447218433817e-8 2.1623828950587212e-5 0.002098972622777584 3.4862515451719405e-7 8.468750130840691e-10 -1.1525475427296147e-7 -2.5340481781936476e-7 0.1693586247644915 0.013783498279994642 6.756529506965988e-8 -4.931481393997783e-7 0.31012786886194094 0.026158575023058076
0.9999815796480457 0.38809342527809354 1.1701303782495375e-6 -2.945633972388678e-7 2.1986469032693492e-5 0.0020780061261307867 3.2629491316109807e-7 -7.376947231647162e-8 -1.0690957634339962e-7 -2.5101479851026976e-7 0.16914118366854247 -0.0031931256921480843 7.158129201191627e-8 -4.935523158198824e-7 0.30972939565602986 -0.004946685792488501
0.9999811024943228 0.38826139401638365 1.1817653484378645e-6 -4.844520784222347e-7 2.2299633682814878e-5 0.002057554241612207 3.218627449311707e-7 -1.4418740126354508e-7 -1.0492168323635427e-7 -2.644502994899607e-7 0.16723839782922847 -0.019988938329870854 6.558552023843295e-8 -5.434633936443469e-7 0.30624400625790715 -0.03571134375175909
0.9999805437855446 0.3884276476461311 1.2627824731879658e-6 -5.714753727093061e-7 2.2576863052175555e-5 0.002037336813861479 3.100161254798574e-7 -2.2034845906520802e-7 -9.017308383308104e-8 -2.8108707398248554e-7 0.16368399715981022 -0.03643817900867963 8.990477452474285e-8 -5.924116273410807e-7 0.29973534053284095 -0.0658321189561837
0.999979995562226 0.3885920780680574 1.2744675508958759e-6 -6.765728258067832e-7 2.286566785729212e-5 0.0020173621419768482 2.8273197474416975e-7 -2.869256104678115e-7 -8.556507866869048e-8 -2.771522232888649e-7 0.15852790121788993 -0.05238010873673738 9.397477916978372e-8 -5.999063077670715e-7 0.2902965344304238 -0.0950153393462297
0.9999794364382911 0.3887547169874022 1.2923396278829287e-6 -8.007158040911737e-7 2.317872723063962e-5 0.0019976500099826164 2.331738663157414e-7 -3.5776362175243795e-7 -9.409751016338515e-8 -2.505100319743113e-7 0.15183535192306283 -0.06766054982891226 7.586597809111883e-8 -5.747577497588804e-7 0.2780487109647666 -0.12297946259287491
0.9999789332582395 0.3889156414029926 1.2496062417665347e-6 -9.641195231786786e-7 2.3491324055712544e-5 0.001978245615083386 1.9441282459249026e-7 -3.929981359845605e-7 -1.0400648261099955e-7 -2.3266204856888595e-7 0.14368658913708676 -0.08213291792620785 6.170751589223343e-8 -5.475517628108726e-7 0.2631401785433591 -0.14945719730120366
0.9999784650335029 0.3890749307934035 1.2009338299896202e-6 -1.0727110427990288e-6 2.3846460772395067e-5 0.001959004494950723 1.2549536476637405e-7 -4.4502715359664207e-7 -1.1085276790558294e-7 -2.2232827269658667e-7 0.13417546230232988 -0.09566009265556624 5.227558559018678e-8 -5.370397757159016e-7 0.24574404951628312 -0.17419866173805318
0.9999779999930171 0.38923276844681254 1.1198639948718204e-6 -1.184157839101725e-6 2.419399021586079e-5 0.0019400805255248824 6.114958449946125e-8 -4.7403702344833e-7 -1.1970062694818032e-7 -2.3144583831134834e-7 0.12340849159720094 -0.10811567648643453 2.6485487693278516e-8 -5.339426059381952e-7 0.22605647391939246 -0.19697375696315775
0.9999775014854543 0.3893892425386475 1.0175404736751718e-6 -1.3142231988964454e-6 2.45387119271811e-5 0.0019215560059077015 3.697378182094359e-8 -4.657331938555189e-7 -1.3296550674817503e-7 -2.72029185414487e-7 0.11150378474656994 -0.1193849437952211 -2.8352543709183284e-9 -6.178640786129805e-7 0.2042945824969968 -0.2175739269696488
0.9999769418206481 0.389544274673991 7.757045203330262e-7 -1.5229226304429726e-6 2.4842266965039932e-5 0.0019033642612185336 -1.8438127208110205e-8 -4.773562443984546e-7 -1.3428191215185547e-7 -3.1937712417669413e-7 0.09858984786069487 -0.12936587273283578 2.6208286774421733e-9 -7.476161240822114e-7 0.18069438200386934 -0.23581393684890176
0.9999763458534877 0.38969774865021223 5.097072049462415e-7 -1.6772094844184634e-6 2.5142461157925544e-5 0.0018853547877586924 -1.0320651650665863e-7 -4.949398339699424e-7 -1.258253301596554e-7 -3.250343941457447e-7 0.08480402364240737 -0.13797020658646175 3.2019237130274994e-8 -7.771498846985537e-7 0.15550768285378105 -0.2515339397322768
0.9999757511810001 0.38984973329737543 2.864662209990373e-7 -1.7854158232624752e-6 2.5439727738034356e-5 0.0018675806499887325 -1.822431914518238e-7 -4.984857752679756e-7 -1.2040494472457399e-7 -3.1573225289970797e-7 0.070291092192626 -0.1451241909522274 5.8573002867040645e-8 -7.669644499002513e-7 0.128999669526496 -0.2646006483819561
0.9999751748529936 0.3900003142800082 1.1657611807596594e-7 -1.8484542642299166e-6 2.573322803627968e-5 0.0018500704920941288 -2.3732727683098902e-7 -4.827050747975411e-7 -1.1209216648770922e-7 -3.0750079967371937e-7 0.05520188122561868 -0.15076908483297308 8.28783290840207e-8 -7.525081598762654e-7 0.10144639022701425 -0.2749082548893245
0.9999745903515276 0.3901495248435357 -4.684481272146406e-8 -1.8822911730372546e-6 2.604149513759435e-5 0.0018327854010465451 -2.6827025190384913e-7 -4.6708023261898216e-7 -1.1487968747462656e-7 -3.032377220824527e-7 0.03969159351150476 -0.15486167043688456 8.699473447266438e-8 -7.38866284227039e-7 0.07313162827239962 -0.28237933967183726
0.99997401654232 0.39029736049740404 -2.0437890856244114e-7 -1.9250956563292857e-6 2.6369047457479076e-5 0.001815726080151101 -2.9078031402307793e-7 -4.551307796052632e-7 -1.2748206476783846e-7 -3.0791903768792185e-7 0.023918362681805375 -0.15737449581256407 6.252009339011471e-8 -7.333149894960711e-7 0.044344331410289005 -0.28696529696149375
0.9999733672906486 0.3904439352008204 -3.004186302424054e-7 -1.9597842485222097e-6 2.668994074295414e-5 0.0017989236805275597 -2.992288094884095e-7 -4.70839289423679e-7 -1.2995213718145843e-7 -3.0790529411320054e-7 0.008041547983543295 -0.15829605911627945 5.7090148233491565e-8 -7.122940057398262e-7 0.0153754566618835 -0.28864663726760553
0.9999726836361502 0.39058912661370865 -4.929972195640095e-7 -1.988462137160776e-6 2.701318687678981e-5 0.0017823345742258205 -2.802908665587723e-7 -5.132647205961322e-7 -1.344968198626293e-7 -2.9115829132475314e-7 -0.007779811792335168 -0.1576308611677181 4.3544682193274464e-8 -6.442233283677371e-7 -0.013484914491504574 -0.2874330660564432
0.9999720208952246 0.39073299333947153 -7.23131173237464e-7 -1.97901315890942e-6 2.7349984671901157e-5 0.001766005462078121 -2.3299773210073216e-7 -5.388089209743435e-7 -1.4060769644307427e-7 -2.952825411060864e-7 -0.023388672931320593 -0.1553990762308859 2.851835945904021e-8 -6.412782836139068e-7 -0.04195050505992952 -0.2833628485621753
0.9999713727944866 0.39087556167411364 -9.435998848427888e-7 -1.9260503643753e-6 2.7701909437311694e-5 0.001749925572710372 -1.7653161411131234e-7 -5.583660244603819e-7 -1.498386820651963e-7 -3.102648052765919e-7 -0.0386313461722554 -0.1516362772257141 1.5461332802569933e-8 -6.673697851109734e-7 -0.06974139022421058 -0.2765022493214953
0.9999707315677435 0.39101681071864164 -1.1551340240712824e-6 -1.862959583559938e-6 2.804876408308008e-5 0.0017341231084028628 -1.6850568709126583e-7 -5.626875078359428e-7 -1.5234410234504687e-7 -3.4835855235468765e-7 -0.053359125056229556 -0.14639300790814203 8.239725197635056e-9 -7.522965104611887e-7 -0.09658684213572186 -0.26694477710022346
0.9999700760607526 0.39115670954468035 -1.3400458307235327e-6 -1.786621955640866e-6 2.838478102975904e-5 0.0017184959272882893 -1.7631017863881275e-7 -5.437088511989812e-7 -1.5763632057056205e-7 -3.68166593207342e-7 -0.06742965996963332 -0.13973410608389109 -7.650850810275746e-9 -7.874067888113496e-7 -0.12222801229970646 -0.2548098764167025
0.9999694322055976 0.3912953694631466 -1.4963422767120477e-6 -1.6839318719395067e-6 2.8745128587815993e-5 0.0017030880877791762 -1.978164385208655e-7 -5.217797045505315e-7 -1.6142857188604473e-7 -3.71110990423984e-7 -0.08070842361736631 -0.1317378799012731 -2.4620427215478967e-8 -7.954499072382e-7 -0.14642045066951176 -0.24024143567647727
0.9999687811416577 0.39143300613073023 -1.5894158957156072e-6 -1.593658924611627e-6 2.9111107134438778e-5 0.001687914256191472 -2.2144928218059415e-7 -4.903157924150433e-7 -1.6358445925211964e-7 -3.631366475486549e-7 -0.0930698573956287 -0.12249533261329512 -3.912172990514827e-8 -7.851651501685813e-7 -0.16893623431228955 -0.22340634090730277
0.9999681099290147 0.39156957883380544 -1.6586878920260859e-6 -1.5182251601678622e-6 2.94822107603926e-5 0.0016729541882182 -2.4419594342804675e-7 -4.4672327680165955e-7 -1.7057665516577321e-7 -3.438867200114091e-7 -0.10439859321482102 -0.11210907657404677 -6.583468775767305e-8 -7.525376538825612e-7 -0.1895661118087402 -0.20449249225026103
0.9999673813556106 0.3917050244516198 -1.74094243359293e-6 -1.470991930947834e-6 2.9836495791383283e-5 0.0016582803265891618 -2.6928608176589325e-7 -4.173230658399573e-7 -1.7936067379086761e-7 -3.3280896185804275e-7 -0.11459051390690224 -0.10069222577499626 -9.498700476154135e-8 -7.347037964378319e-7 -0.20812146640829557 -0.18370675651432136
0.9999666285892533 0.3918390738360122 -1.8559279828491359e-6 -1.3785890044038953e-6 3.019349203138656e-5 0.0016437786369446895 -2.8448133031698643e-7 -3.743969298441012e-7 -1.8709129449141103e-7 -3.221653875782066e-7 -0.12355367497799284 -0.08836723283775277 -1.207882336418719e-7 -7.204583725444964e-7 -0.22443592592059972 -0.16127286642362598
0.9999658619115841 0.39197188251823434 -1.973242342944868e-6 -1.2945216505357634e-6 3.0558508553174386e-5 0.0016294565432459684 -2.993320483483809e-7 -3.3453963046425496e-7 -1.9460665920215058e-7 -3.2018148905229804e-7 -0.13120917723638073 -0.07526448838005918 -1.4485447484665126e-7 -7.315656506827667e-7 -0.23836698699850822 -0.1374288142242951
0.999965096826119 0.3921035216758492 -2.0756342882600145e-6 -1.212343300460798e-6 3.0928609861507316e-5 0.001615338123058291 -3.0019708866979376e-7 -2.814596923564271e-7 -2.0209473570258927e-7 -3.154739760400025e-7 -0.13749176016394365 -0.06152105694930915 -1.6697829219874313e-7 -7.372026622355454e-7 -0.24979704335620595 -0.11242456135358328
0.9999643563976224 0.39223403901791304 -2.1775620432653362e-6 -1.0849365581656746e-6 3.132166969576965e-5 0.0016013806989364076 -3.089893054620082e-7 -2.2937037874480697e-7 -2.0156476742769446e-7 -2.9690349801662424e-7 -0.14235036713616958 -0.0472792185808106 -1.7362981487502364e-7 -7.059974433563166e-7 -0.25863437437198195 -0.08651936313682236
0.9999636161693332 0.39236351621508997 -2.265649161276445e-6 -9.235874520371315e-7 3.169580528671118e-5 0.0015876370650709536 -2.9672621518103695e-7 -1.7891101210368909e-7 -2.0552942919847804e-7 -2.7664878321392623e-7 -0.14574857297982058 -0.03268499336912721 -1.905892841752966e-7 -6.743827900033498e-7 -0.2648139408727648 -0.059979101671997236
0.9999628436370978 0.39249178931213313 -2.283709911864254e-6 -4.6950278053941084e-7 3.219817620749871e-5 0.0015743910524418233 -2.7943170565113916e-7 -5.133417435734953e-7 -2.204942395929207e-7 -2.634973812878894e-7 -0.1476646880152965 -0.017886687926762946 -2.134223154677761e-7 -6.380931011880123e-7 -0.2682976525996461 -0.03307292209374386
0.9999621278678311 0.3926188325970813 -2.2940160693118412e-6 -1.672869136309685e-8 3.262382287383104e-5 0.0015610292047994196 -3.7075405915282276e-7 -6.312544843389405e-7 -2.2624384596159756e-7 -2.3650304636353076e-7 -0.1480920662141629 -0.003033526257368024 -2.2885411163487629e-7 -5.783130029299756e-7 -0.26907423062332686 -0.006073714641779349
0.9999614078874738 0.3927448416583226 -2.311215019379597e-6 3.0048809709845e-7 3.3059699960675524e-5 0.0015478504841044485 -4.676815965696042e-7 -6.096821798150924e-7 -2.3094995323972772e-7 -1.8457625172149378e-7 -0.14703890014056342 0.011726121537663144 -2.441938811264057e-7 -4.7255361674251196e-7 -0.267159962554471 0.020749730393135084
0.9999606698323242 0.3928698919241051 -2.3081350987986373e-6 5.877702341585915e-7 3.348554564897465e-5 0.0015348554686911633 -5.696453259408742e-7 -5.7257197980582e-7 -2.246270066095092e-7 -1.5372282810742307e-7 -0.144528012376113 0.02624608072922332 -2.3683293853068655e-7 -4.1276119655599353e-7 -0.2625974852184967 0.04713191258366616
0.9999598462851514 0.39299381988617904 -2.2890482115768295e-6 8.921066759897258e-7 3.389656672896603e-5 0.001522034483077171 -6.761681229419442e-7 -5.307271716264102e-7 -2.1083308034618733e-7 -1.19565768922989e-7 -0.14059653849637677 0.04038371633316216 -2.1499037162274415e-7 -3.5168188637237865e-7 -0.25545537827577414 0.07281397572713673
0.9999589472260457 0.3931165240998316 -2.2242571933192066e-6 1.2208602325970648e-6 3.429800474992464e-5 0.0015093565658285263 -7.357957553473758e-7 -4.6614854182146047e-7 -2.0829855605000457e-7 -9.996247504729362e-8 -0.13529541649045063 0.05400139289366352 -2.138240863385699e-7 -3.286750483197166e-7 -0.24582721820892736 0.09754631949710196
0.9999580506139317 0.3932379483675911 -2.121399640332523e-6 1.4674226735009307e-6 3.470559824326271e-5 0.0014968110959647607 -7.767125868253134e-7 -3.6733279692990646e-7 -1.9168220726148515e-7 -8.195708734763285e-8 -0.12868885827892973 0.06696762616069488 -1.8753382357246154e-7 -2.962673045560116e-7 -0.23383062746440617 0.12109057518837549
0.999957052472067 0.39335815006677105 -2.1473995120166682e-6 1.4783494964624695e-6 3.5115711116000407e-5 0.0014844256741099692 -8.544250790792694e-7 -3.102011029697771e-7 -1.6450960333979343e-7 -6.984949864840982e-8 -0.1208534789503933 0.0791587150508629 -1.361031961318618e-7 -2.86584338327623e-7 -0.21960563558335577 0.1432227552731944
0.9999560129722849 0.3934771704993111 -2.167775850627113e-6 1.5096784408110906e-6 3.5528369352202376e-5 0.001472182776813872 -9.388469013331762e-7 -2.2765633434648174e-7 -1.4640669965898845e-7 -6.27834174815123e-8 -0.11187748834142772 0.09045964089474814 -1.0989931232167113e-7 -2.6807034618736996e-7 -0.20331323625248712 0.16373469130174462
0.9999548842088913 0.3935953814437138 -2.219772765872492e-6 1.5814277687511013e-6 3.5927357325792405e-5 0.0014601474835775527 -1.00119772284188e-6 -1.4519617427981373e-7 -1.264760382269711e-7 -5.3917424953178837e-8 -0.1018597295590128 0.10076517792180265 -7.743370830290751e-8 -2.457436880170637e-7 -0.18513366205433401 0.18243610672223254
0.999953672418114 0.39371292151635934 -2.1571161028757116e-6 1.667197177739721e-6 3.632936189939883e-5 0.0014482377300478245 -1.0510737775920858e-6 -5.080435822306606e-8 -9.852086546093561e-8 -5.08555539122654e-8 -0.09090860272062518 0.10998087622792889 -3.1688461635320414e-8 -2.3938868721592265e-7 -0.1652642746873805 0.1991564188918879
0.9999524420038136 0.3938295346910005 -2.197854975004565e-6 1.693977013519428e-6 3.673402835833796e-5 0.00143645852638137 -1.073416380636042e-6 5.9475289799707586e-8 -6.772669961246832e-8 -4.804247614069054e-8 -0.07914085392413371 0.11802393566730006 1.63486778924989e-8 -2.3060121392953763e-7 -0.14391746999854163 0.21374625709581216
0.9999512866889424 0.3939451886121638 -2.27295962406999e-6 1.7495070015580264e-6 3.7147258392321586e-5 0.0014248236760708508 -1.0928922577179571e-6 1.714035648875808e-7 -3.374235820358862e-8 -4.923960772191784e-8 -0.06668044385605955 0.12482386493161449 6.958884149795505e-8 -2.2826102294021762e-7 -0.12131861864606228 0.22607863713617715
0.9999500896149025 0.3940597037818024 -2.3959321686787885e-6 1.8164456288849453e-6 3.755586579333688e-5 0.0014133201094576064 -1.0888626608673168e-6 2.853125119430651e-7 -1.3883996836759767e-9 -5.41657643437082e-8 -0.053657186100313115 0.13032313349287702 1.19510776612519e-7 -2.3377651297615276e-7 -0.09770354571629582 0.23605014165558044
0.9999487968368485 0.3941732289973479 -2.570342952447379e-6 1.8811926100531464e-6 3.7962932028280576e-5 0.0014019715184282904 -1.0614378092483818e-6 3.9668623982143064e-7 2.3407464265916023e-8 -5.5361157692283054e-8 -0.040205446528466304 0.13447762189918838 1.5448028897968585e-7 -2.329869072994581e-7 -0.07331622457911646 0.24358170461661008
0.9999474689385556 0.3942858949190483 -2.796653784453167e-6 1.956943260184786e-6 3.836880272298077e-5 0.0013907510432489307 -1.0073167401612275e-6 5.029465005003572e-7 4.2328803495606794e-8 -5.5069768506214135e-8 -0.026462732988735173 0.13725695710027846 1.7813271322957294e-7 -2.3283568605493864e-7 -0.048406153488971225 0.2486192197931119
0.999946100147126 0.39439751253252475 -3.068736925017677e-6 2.1303061435594984e-6 3.8773490545357884e-5 0.001379726310622236 -9.539219353764387e-7 6.06179156985026e-7 4.786698638538103e-8 -5.976603298716395e-8 -0.012568435035061009 0.13864470488889247 1.6913600696603711e-7 -2.48663348363857e-7 -0.023226149350322505 0.2511338742741897
0.9999445423069024 0.39450859470497623 -3.2279321240912226e-6 2.2633871293588464e-6 3.917355215363977e-5 0.0013688078093795704 -8.574259959070775e-7 6.899685900600131e-7 4.72094664521891e-8 -7.580095920003496e-8 0.0013377361212792537 0.13863843004872503 1.4924899335282177e-7 -2.851749942242279e-7 0.001970568627009682 0.2511222175540247
0.9999429280845469 0.39461853087986726 -3.4640456425227603e-6 2.2863687737798115e-6 3.958407589813012e-5 0.0013580253756632454 -7.578865015020307e-7 7.634646611901309e-7 4.8625699464657176e-8 -6.984515578174817e-8 0.015117221922256693 0.13724956468028787 1.3432959261122929e-7 -2.744599654203849e-7 0.026933058456209406 0.24860590184822606
